NaN,NaN,NaN,NaN,NaN,NaN,NaN,NaN,NaN,NaN,NaN,NaN,NaN,0.014339,0.025343,0.045942,0.077925,0.10433,0.11816,0.10953,0.093017,0.07861,0.049352,0.0095385,-0.037386,-0.076922,-0.11028,-0.14174,-0.16566,-0.17656,-0.16065,-0.12229
NaN,NaN,NaN,NaN,NaN,NaN,NaN,NaN,NaN,NaN,NaN,NaN,NaN,0.002465,0.022223,0.044188,0.073109,0.10066,0.11513,0.11039,0.099516,0.088607,0.067132,0.026434,-0.019684,-0.056388,-0.090634,-0.12233,-0.14566,-0.1593,-0.15824,-0.13861
NaN,NaN,NaN,NaN,NaN,NaN,NaN,NaN,NaN,NaN,NaN,NaN,NaN,-0.0050908,0.014879,0.037057,0.067029,0.096818,0.10932,0.10527,0.10285,0.10092,0.076509,0.04129,-0.00065319,-0.039954,-0.072299,-0.10371,-0.1295,-0.14153,-0.15292,-0.14609
NaN,NaN,NaN,NaN,NaN,NaN,NaN,NaN,NaN,NaN,NaN,NaN,NaN,-0.010187,0.0053527,0.028887,0.061101,0.090667,0.10244,0.099958,0.10204,0.10457,0.084326,0.050471,0.016099,-0.025074,-0.05741,-0.087229,-0.11347,-0.12681,-0.14315,-0.14898
NaN,NaN,NaN,NaN,NaN,NaN,NaN,NaN,NaN,NaN,NaN,NaN,NaN,NaN,0.0021109,0.028318,0.062955,0.087877,0.10528,0.10604,0.10677,0.11111,0.098819,0.083002,0.056155,0.010442,-0.034952,-0.067966,-0.097646,-0.10997,-0.12981,-0.13274
NaN,NaN,NaN,NaN,NaN,NaN,NaN,NaN,NaN,NaN,NaN,NaN,NaN,NaN,0.0054573,0.029285,NaN,0.08826,0.11234,0.11942,0.11226,0.11377,0.11425,0.11362,0.1008,0.044337,-0.018417,-0.06136,-0.087829,-0.097616,-0.11467,-0.12355
NaN,NaN,NaN,NaN,NaN,NaN,NaN,NaN,NaN,NaN,NaN,NaN,NaN,NaN,NaN,NaN,NaN,NaN,0.12304,0.13135,0.11992,0.11181,0.1158,0.12325,0.12525,0.074405,0.0081481,-0.036521,-0.063979,-0.080223,-0.097264,-0.11023
NaN,NaN,NaN,NaN,NaN,NaN,NaN,NaN,NaN,NaN,NaN,NaN,NaN,NaN,NaN,NaN,NaN,NaN,NaN,NaN,0.11716,0.10388,0.10526,NaN,NaN,NaN,NaN,-0.0090226,-0.033588,-0.057509,-0.087233,-0.108
NaN,NaN,NaN,NaN,NaN,NaN,NaN,NaN,NaN,NaN,NaN,NaN,NaN,NaN,NaN,NaN,NaN,NaN,NaN,NaN,NaN,NaN,NaN,NaN,NaN,NaN,NaN,NaN,NaN,NaN,-0.069642,-0.093724
NaN,NaN,NaN,NaN,NaN,NaN,NaN,NaN,NaN,NaN,NaN,NaN,NaN,NaN,NaN,NaN,NaN,NaN,NaN,NaN,NaN,NaN,NaN,NaN,NaN,NaN,NaN,NaN,NaN,NaN,NaN,-0.084282
NaN,NaN,NaN,NaN,NaN,NaN,NaN,NaN,NaN,NaN,NaN,NaN,NaN,NaN,NaN,NaN,NaN,NaN,NaN,NaN,NaN,NaN,NaN,NaN,NaN,NaN,NaN,NaN,NaN,NaN,NaN,NaN
NaN,NaN,NaN,NaN,NaN,NaN,NaN,NaN,NaN,NaN,NaN,NaN,NaN,NaN,NaN,NaN,NaN,NaN,NaN,NaN,NaN,NaN,NaN,NaN,NaN,NaN,NaN,NaN,NaN,NaN,NaN,NaN
NaN,NaN,NaN,NaN,NaN,NaN,NaN,NaN,NaN,NaN,NaN,NaN,NaN,NaN,NaN,NaN,NaN,NaN,NaN,NaN,NaN,NaN,NaN,NaN,NaN,NaN,NaN,NaN,NaN,NaN,NaN,NaN
NaN,NaN,NaN,NaN,NaN,NaN,NaN,NaN,NaN,NaN,NaN,NaN,NaN,NaN,NaN,NaN,NaN,NaN,NaN,NaN,NaN,NaN,NaN,NaN,NaN,NaN,NaN,NaN,NaN,NaN,NaN,NaN
NaN,NaN,NaN,NaN,NaN,NaN,NaN,NaN,NaN,NaN,NaN,NaN,NaN,NaN,NaN,NaN,NaN,NaN,NaN,NaN,NaN,NaN,NaN,NaN,NaN,NaN,NaN,NaN,NaN,NaN,NaN,NaN
NaN,NaN,NaN,NaN,NaN,NaN,NaN,NaN,NaN,NaN,NaN,NaN,NaN,NaN,NaN,NaN,NaN,NaN,NaN,NaN,NaN,NaN,NaN,NaN,NaN,NaN,NaN,NaN,NaN,NaN,NaN,NaN
NaN,NaN,NaN,NaN,NaN,NaN,NaN,NaN,NaN,NaN,NaN,NaN,NaN,NaN,NaN,NaN,NaN,NaN,NaN,NaN,NaN,NaN,NaN,NaN,NaN,NaN,NaN,NaN,NaN,NaN,NaN,NaN
NaN,NaN,NaN,NaN,NaN,NaN,NaN,NaN,NaN,NaN,NaN,NaN,NaN,NaN,NaN,NaN,-0.035325,NaN,NaN,NaN,NaN,NaN,NaN,NaN,NaN,NaN,NaN,NaN,NaN,NaN,NaN,-0.029049
NaN,NaN,NaN,NaN,NaN,NaN,NaN,NaN,NaN,NaN,NaN,NaN,NaN,NaN,NaN,NaN,-0.040636,NaN,NaN,NaN,NaN,NaN,NaN,NaN,NaN,NaN,NaN,NaN,NaN,-0.05602,-0.046124,-0.035544
NaN,NaN,-0.0044139,0.0037529,NaN,NaN,NaN,NaN,NaN,NaN,NaN,NaN,NaN,NaN,NaN,NaN,NaN,NaN,NaN,NaN,NaN,NaN,NaN,NaN,NaN,NaN,-0.09739,-0.099994,-0.092108,-0.073064,-0.053151,-0.037271
NaN,NaN,NaN,0.016441,0.0027474,-0.011682,NaN,NaN,NaN,NaN,NaN,NaN,NaN,NaN,NaN,NaN,NaN,NaN,NaN,NaN,NaN,NaN,NaN,NaN,NaN,-0.097362,-0.10142,-0.099874,-0.091572,-0.073329,-0.052423,-0.032539
NaN,NaN,NaN,NaN,NaN,-0.014884,-0.045575,-0.065797,NaN,NaN,NaN,NaN,NaN,NaN,NaN,NaN,NaN,NaN,-0.095055,-0.10493,NaN,NaN,NaN,NaN,NaN,-0.094749,-0.098942,-0.092291,-0.082826,-0.061292,-0.042005,-0.028457
NaN,NaN,NaN,NaN,NaN,NaN,-0.050949,-0.06817,NaN,NaN,NaN,NaN,NaN,NaN,NaN,NaN,NaN,-0.11351,-0.11206,-0.11236,-0.11734,-0.11863,-0.10777,-0.10917,-0.10407,-0.096072,-0.086694,-0.076906,-0.061216,-0.035314,-0.027474,-0.014666
NaN,NaN,NaN,NaN,NaN,NaN,NaN,NaN,NaN,NaN,NaN,NaN,NaN,NaN,NaN,NaN,-0.1364,-0.13551,-0.12737,-0.12188,-0.12638,-0.12117,-0.10534,-0.10506,-0.099829,-0.094481,-0.080517,-0.066565,-0.047913,-0.019086,-0.016102,-0.012143
NaN,NaN,NaN,NaN,NaN,NaN,NaN,NaN,NaN,-0.10348,NaN,NaN,NaN,NaN,NaN,-0.12838,-0.14733,-0.14719,-0.13634,-0.12281,-0.11901,-0.11418,-0.099842,-0.097478,-0.095748,NaN,NaN,NaN,NaN,-0.0028642,-0.0073285,-0.014439
NaN,NaN,NaN,NaN,NaN,NaN,NaN,NaN,NaN,-0.11487,NaN,NaN,NaN,NaN,-0.12822,-0.1402,-0.15273,-0.14874,-0.13209,-0.12072,-0.12712,-0.11743,-0.10328,-0.085744,NaN,NaN,NaN,NaN,NaN,-0.014355,-0.015515,-0.017116
-0.04876,NaN,NaN,NaN,NaN,NaN,NaN,NaN,-0.12301,-0.12581,NaN,NaN,NaN,-0.13732,-0.13793,-0.1428,-0.14606,-0.13653,-0.12229,-0.12348,-0.13655,-0.1376,-0.11414,NaN,NaN,NaN,-0.061942,-0.052048,-0.0434,-0.033709,-0.020142,-0.0054029
NaN,-0.020994,NaN,NaN,NaN,NaN,NaN,NaN,-0.14085,-0.15016,NaN,-0.15394,-0.14818,-0.14512,-0.14317,-0.14262,-0.14053,-0.13275,-0.1294,-0.14823,-0.16413,-0.15729,-0.12718,-0.10599,-0.097327,-0.084837,-0.072529,-0.05707,-0.051332,-0.04518,-0.028013,0.0012163
NaN,NaN,-0.036542,NaN,NaN,NaN,NaN,NaN,-0.16647,-0.16858,-0.1658,-0.16441,-0.1525,-0.14694,-0.13832,-0.12641,-0.12261,-0.12676,-0.14354,-0.17117,-0.19296,-0.18067,-0.14711,-0.13092,-0.11519,-0.093845,-0.078353,-0.065566,-0.056852,-0.052477,-0.037914,-0.0078217
NaN,NaN,-0.038648,NaN,NaN,NaN,NaN,-0.17461,-0.1837,-0.18501,-0.17843,-0.17136,-0.15364,-0.14226,-0.13592,-0.12727,-0.12378,-0.135,-0.15835,-0.18529,-0.20318,-0.19064,-0.16058,-0.14612,-0.13261,-0.11341,-0.091467,-0.076062,-0.062214,-0.048401,-0.035591,-0.0067527
NaN,NaN,-0.027697,NaN,NaN,NaN,-0.13363,-0.16328,-0.18245,-0.1845,-0.17438,-0.16311,-0.14767,-0.13644,-0.12932,-0.1236,-0.12873,-0.14849,-0.17665,-0.20481,-0.21086,-0.19743,-0.17368,-0.15995,-0.14697,-0.12395,-0.098111,-0.082107,-0.069585,-0.06005,-0.039467,-0.0068567
NaN,NaN,NaN,-0.053075,NaN,-0.1045,-0.12844,-0.15804,-0.1822,-0.1855,-0.17117,-0.15404,-0.14304,-0.13311,-0.12838,-0.12653,-0.13123,-0.15089,-0.18145,-0.20754,-0.21073,-0.20012,-0.17564,-0.16683,-0.15604,-0.12896,-0.1013,-0.08473,-0.074737,-0.071321,-0.049764,-0.0072207
NaN,NaN,NaN,-0.067241,-0.089698,-0.11214,-0.13622,-0.16069,-0.18004,-0.18129,-0.16492,-0.1459,-0.13821,-0.13403,-0.13488,-0.1305,-0.1316,-0.14668,-0.17068,-0.19259,-0.19376,-0.18598,-0.16911,-0.1667,-0.15844,-0.13212,-0.10359,-0.086274,-0.076795,-0.073434,-0.054063,-0.01378
NaN,NaN,NaN,-0.074654,-0.10167,-0.12363,-0.14531,-0.16284,-0.17461,-0.17108,-0.15542,-0.14174,-0.13863,-0.13603,-0.13629,-0.12695,-0.12703,-0.13741,-0.1544,-0.16593,-0.16389,-0.16775,-0.16138,-0.16684,-0.15717,-0.13205,-0.10557,-0.090729,-0.079241,-0.064062,-0.051529,-0.020763
NaN,NaN,NaN,-0.074757,-0.10048,-0.12484,-0.14546,-0.15901,-0.16132,-0.15485,-0.14518,-0.14105,-0.1368,-0.131,-0.13247,-0.12437,-0.12381,-0.13406,-0.14458,-0.14719,-0.1445,-0.152,-0.149,-0.15551,-0.14836,-0.13204,-0.11117,-0.10104,-0.088295,-0.065659,-0.050525,-0.028665
NaN,NaN,NaN,-0.074589,-0.094031,-0.11711,-0.13713,-0.1401,-0.13872,-0.13055,-0.13369,-0.1383,-0.12896,-0.12651,-0.12533,-0.12264,-0.12388,-0.13117,-0.13788,-0.13704,-0.13958,-0.14331,-0.14242,-0.1454,-0.14236,-0.13198,-0.11926,-0.10926,-0.097757,-0.074008,-0.05548,-0.038053
NaN,NaN,NaN,-0.071924,-0.089632,-0.11221,-0.12561,-0.12971,-0.12984,-0.12594,-0.13005,-0.13156,-0.12868,-0.1255,-0.12485,-0.12326,-0.12032,-0.12743,-0.1292,-0.13074,-0.13263,-0.13139,-0.13116,-0.13951,-0.13917,-0.13902,-0.12605,-0.11188,-0.10025,-0.073097,-0.048051,-0.03249
NaN,NaN,NaN,NaN,-0.091519,-0.115,-0.12858,-0.12612,-0.12754,-0.12702,-0.1311,-0.12994,-0.12924,-0.12975,-0.12632,-0.11955,-0.12379,-0.12851,-0.13035,-0.12918,-0.12647,-0.11585,-0.12201,-0.13266,-0.1355,-0.13224,-0.12356,-0.1109,-0.10083,-0.078292,-0.048191,-0.022844
NaN,NaN,NaN,NaN,NaN,-0.12041,-0.12309,-0.1201,-0.12503,-0.12723,-0.133,-0.13108,-0.1337,-0.13505,-0.13067,-0.12132,-0.12471,-0.1262,-0.12842,-0.12402,-0.12068,-0.11284,-0.1173,-0.12418,-0.12949,-0.13103,-0.12929,-0.12283,-0.1123,-0.082279,-0.050454,-0.026184
NaN,NaN,NaN,NaN,NaN,NaN,NaN,-0.10689,-0.11097,-0.11982,-0.12845,-0.1378,-0.14007,-0.14182,-0.13726,-0.12316,-0.1274,-0.12685,-0.13107,-0.12164,-0.11882,-0.11952,-0.11657,-0.11653,-0.12552,-0.12362,-0.12215,-0.1287,-0.12335,-0.090815,-0.054593,-0.035621
NaN,NaN,NaN,NaN,NaN,NaN,NaN,NaN,NaN,-0.11432,-0.12439,-0.13605,-0.14279,-0.14692,-0.1398,-0.12543,-0.12656,-0.1273,-0.13349,-0.1211,-0.1109,-0.10851,-0.10431,-0.10481,-0.11392,-0.11045,-0.10605,-0.11533,-0.12037,-0.1017,-0.070509,-0.047944
NaN,NaN,NaN,NaN,NaN,NaN,NaN,NaN,NaN,NaN,NaN,-0.14188,-0.15191,-0.1492,-0.14149,-0.1259,-0.12616,-0.13049,-0.13969,-0.12616,-0.10568,-0.096937,-0.085567,-0.086342,-0.098107,-0.1006,-0.098781,-0.10584,-0.11982,-0.11625,-0.09189,-0.066982
NaN,NaN,NaN,NaN,NaN,NaN,NaN,NaN,NaN,NaN,NaN,-0.16331,-0.16284,-0.15473,-0.14149,-0.13255,-0.13451,-0.13685,-0.14066,-0.11893,-0.091594,-0.07994,-0.072468,-0.074537,-0.088589,-0.094778,-0.094358,-0.10001,-0.11973,-0.12524,-0.1064,-0.080243
NaN,NaN,NaN,NaN,NaN,NaN,NaN,NaN,-0.13158,-0.13672,-0.1382,NaN,NaN,-0.14541,-0.14125,-0.13613,-0.14299,-0.14385,-0.14018,-0.11326,-0.080695,-0.066124,-0.070347,-0.077521,-0.086045,-0.089326,-0.089393,-0.098283,-0.11796,-0.13106,-0.10853,-0.075823
NaN,NaN,NaN,NaN,NaN,NaN,NaN,-0.13555,-0.14479,-0.14248,-0.13753,-0.13909,-0.14034,-0.13888,-0.13553,-0.13204,-0.13686,-0.13564,-0.12919,-0.10152,-0.067624,-0.054363,-0.067202,-0.071236,-0.075074,-0.081348,-0.092703,-0.10582,-0.12484,-0.13264,-0.10436,-0.070318
NaN,NaN,NaN,NaN,NaN,NaN,-0.15667,-0.14985,-0.14015,-0.12929,-0.12715,-0.13229,-0.13396,-0.13041,-0.1291,-0.12246,-0.13205,-0.13513,-0.1348,-0.10518,-0.067359,-0.053736,-0.056858,-0.059869,-0.070482,-0.079791,-0.090307,-0.11097,-0.1284,-0.12625,-0.09768,-0.062482
NaN,NaN,NaN,NaN,NaN,-0.1398,-0.15833,-0.15199,-0.12665,-0.11449,-0.11919,-0.13082,-0.13648,-0.13031,-0.12863,-0.12337,-0.13374,-0.13626,-0.1336,-0.10675,-0.074594,-0.054077,-0.041457,-0.0387,-0.057619,-0.072016,-0.086765,-0.1085,-0.12091,-0.11777,-0.09125,-0.061328
NaN,NaN,NaN,NaN,NaN,-0.13391,-0.15353,-0.14629,-0.12114,-0.10991,-0.11656,-0.12652,-0.13708,-0.1332,-0.13174,-0.12728,-0.13308,-0.12948,-0.12019,-0.097916,-0.07408,-0.05344,-0.03044,-0.024998,-0.042541,-0.062606,-0.081652,-0.10326,-0.11005,-0.10616,-0.094332,-0.078012
NaN,NaN,NaN,NaN,-0.12023,-0.13709,-0.14856,-0.14389,-0.13043,-0.1202,-0.12241,-0.12262,-0.12817,-0.1282,-0.12741,-0.12801,-0.13465,-0.12646,-0.11194,-0.092866,-0.072144,-0.050245,-0.026189,-0.016318,-0.027752,-0.051653,-0.07593,-0.10001,-0.10298,-0.097367,-0.095112,-0.087869
NaN,NaN,NaN,NaN,NaN,-0.13257,-0.14108,-0.14072,-0.1361,-0.13227,-0.13322,-0.12661,-0.12291,-0.12177,-0.12299,-0.12442,-0.13104,-0.12114,-0.11217,-0.094718,-0.072865,-0.045022,-0.022139,-0.010858,-0.018338,-0.041072,-0.068555,-0.09474,-0.10517,-0.10477,-0.10418,-0.093122
NaN,NaN,NaN,NaN,NaN,NaN,-0.135,-0.13868,-0.13802,-0.13781,-0.141,-0.1338,-0.11911,-0.11283,-0.11399,-0.11498,-0.12479,-0.11374,-0.11096,-0.094138,-0.067937,-0.040696,-0.018032,-0.0022028,-0.007783,-0.031053,-0.05977,-0.088922,-0.11209,-0.11737,-0.11359,-0.10521
NaN,NaN,NaN,NaN,NaN,NaN,NaN,NaN,-0.13045,-0.13305,-0.13408,-0.13242,-0.11882,-0.10724,-0.10831,-0.11028,-0.12034,-0.1151,-0.10752,-0.089508,-0.058625,-0.02662,-0.0045762,0.015343,0.013407,-0.015916,-0.047507,-0.08306,-0.10969,-0.11736,-0.11139,-0.10073
NaN,NaN,NaN,NaN,NaN,NaN,NaN,NaN,-0.10816,-0.12025,-0.12102,-0.12479,-0.11419,NaN,-0.113,-0.11191,-0.11674,-0.11212,-0.11211,-0.091988,-0.055761,-0.01881,0.0070648,0.021506,0.025772,-0.00035056,-0.029833,-0.061998,-0.090593,-0.10393,-0.10132,-0.099643
NaN,NaN,NaN,NaN,NaN,NaN,NaN,NaN,NaN,NaN,-0.12831,NaN,-0.10586,-0.09627,NaN,NaN,-0.10256,-0.10015,-0.10123,-0.088811,-0.058714,-0.025275,0.0014572,0.019393,0.028917,0.011834,-0.022295,-0.044278,-0.071616,-0.09122,-0.099127,-0.10818
NaN,NaN,NaN,NaN,NaN,NaN,NaN,NaN,NaN,-0.12964,-0.14328,-0.13989,NaN,NaN,-0.10725,NaN,NaN,-0.090517,-0.096671,-0.088174,-0.070481,-0.044769,-0.015943,0.012089,0.030826,0.02665,0.00059808,-0.029778,-0.058594,-0.083043,-0.092952,-0.099041
NaN,NaN,NaN,NaN,NaN,NaN,NaN,NaN,NaN,NaN,-0.15237,-0.15875,-0.15422,NaN,NaN,NaN,NaN,NaN,-0.10445,-0.10247,-0.084022,-0.060316,-0.025754,0.0030202,0.028582,0.03778,0.020874,-0.012101,-0.052097,-0.0775,-0.079557,-0.080088
NaN,NaN,NaN,NaN,NaN,NaN,NaN,NaN,NaN,NaN,NaN,-0.16783,-0.1684,-0.16132,-0.15139,-0.14472,-0.14298,NaN,NaN,-0.10818,-0.083676,-0.060368,-0.027092,-0.00086522,0.0216,0.040042,0.041003,0.012755,-0.027623,-0.053125,-0.05293,-0.050061
NaN,NaN,NaN,NaN,NaN,-0.059136,-0.06902,NaN,NaN,NaN,NaN,-0.18126,-0.17707,-0.16671,-0.15419,-0.13964,-0.13263,-0.14069,-0.1441,NaN,-0.089294,-0.065868,-0.033707,-0.0072111,0.015613,0.043105,0.06474,0.05482,0.021461,-0.0052984,-0.011311,-0.013873
NaN,NaN,NaN,NaN,NaN,-0.052965,-0.081055,-0.090745,NaN,NaN,-0.17845,-0.18366,-0.17322,-0.15975,-0.14153,-0.12259,-0.10853,-0.127,-0.13863,-0.12562,-0.10143,-0.075888,-0.046363,-0.024751,0.0042434,0.044157,0.075356,0.079506,0.063256,0.043822,0.032889,0.015437
NaN,NaN,NaN,NaN,NaN,-0.086041,-0.10603,-0.1213,-0.12676,-0.14787,-0.17049,-0.17071,-0.15505,-0.13835,-0.12193,NaN,NaN,-0.12311,-0.13443,-0.13149,-0.095249,-0.082235,-0.061608,-0.042728,-0.00443,0.044075,0.088071,0.10426,0.10307,0.092376,0.079801,0.045492
NaN,NaN,NaN,NaN,NaN,-0.10821,-0.13737,-0.15299,-0.15434,-0.16321,-0.16155,-0.14458,-0.1269,-0.11246,NaN,NaN,NaN,NaN,-0.12212,-0.12024,-0.095816,-0.083455,-0.072555,-0.053341,-0.012753,0.042817,0.09415,0.11777,0.11851,0.11308,0.10814,0.073359
NaN,NaN,NaN,NaN,-0.11753,-0.13276,-0.15687,-0.16855,-0.15902,-0.14974,-0.13898,-0.11752,-0.096182,-0.078491,NaN,NaN,NaN,NaN,-0.10286,-0.10947,-0.092919,-0.076523,-0.062217,-0.04357,-0.0051587,0.045399,0.088345,0.11605,NaN,NaN,NaN,0.075332
NaN,NaN,NaN,NaN,-0.10616,-0.13469,-0.15593,-0.15468,-0.13794,-0.13022,-0.12038,-0.096097,-0.086643,NaN,NaN,NaN,NaN,NaN,-0.079271,-0.091993,-0.085782,-0.074627,-0.057127,-0.030073,0.003204,0.04276,0.074079,NaN,NaN,NaN,NaN,NaN
NaN,NaN,NaN,-0.086324,-0.086288,-0.11268,-0.13339,-0.1263,-0.11357,-0.10855,-0.10315,-0.092612,-0.079593,NaN,-0.043593,NaN,-0.025025,-0.038035,-0.06285,-0.078519,-0.081536,-0.072362,-0.051337,-0.026814,0.0040138,0.03711,0.061882,NaN,NaN,NaN,NaN,NaN
NaN,NaN,-0.077959,-0.061486,-0.069247,-0.086531,-0.10445,-0.10635,-0.095372,-0.095872,-0.084015,-0.075064,-0.060768,-0.047362,-0.039895,-0.034629,-0.028674,NaN,-0.052927,-0.066477,-0.0704,-0.063115,-0.04662,-0.021892,0.00577,0.029697,NaN,NaN,NaN,NaN,NaN,NaN
-0.023844,0.010375,-0.013019,-0.049627,-0.071301,-0.083068,-0.094827,-0.096208,-0.090584,-0.08456,-0.05811,-0.050625,-0.036919,-0.030142,-0.027802,-0.024711,-0.01477,NaN,-0.046837,-0.059385,-0.06553,-0.059265,-0.046641,-0.0221,0.0063676,0.021268,NaN,NaN,NaN,NaN,NaN,NaN
-0.014265,0.0050408,-0.024261,-0.077472,-0.10014,-0.10273,-0.10306,-0.092073,-0.075613,-0.058556,-0.036573,-0.038889,-0.021584,-0.012917,0.00061659,0.0096502,0.01322,-0.0079922,-0.043177,-0.05823,-0.068017,-0.0636,-0.048532,-0.013459,0.012543,NaN,NaN,NaN,NaN,NaN,NaN,NaN
-0.0047486,-0.0065186,-0.05289,-0.11049,-0.12502,-0.11858,-0.10519,-0.076721,-0.040914,-0.023645,-0.0088432,NaN,NaN,0.0024126,0.030784,0.04728,0.043009,0.0081337,-0.029976,-0.051996,-0.058133,-0.064509,-0.048479,-0.019801,NaN,NaN,NaN,NaN,NaN,NaN,NaN,NaN
-0.021479,-0.040042,-0.092176,-0.13007,-0.13302,-0.12102,-0.1028,-0.057098,-0.01812,0.0005513,0.013758,0.010015,0.0031546,0.018183,0.043877,0.057071,0.052232,0.01909,-0.01841,-0.042893,-0.055787,-0.068227,-0.06048,-0.045364,NaN,NaN,NaN,NaN,NaN,NaN,NaN,NaN
-0.0010231,-0.05472,-0.11903,-0.13628,-0.12461,-0.10537,-0.07631,-0.030773,0.011696,0.028013,0.033559,0.025299,0.025712,0.034902,0.041478,0.040757,0.040607,0.031141,0.006476,-0.017511,-0.046123,-0.068585,-0.067593,-0.054674,NaN,NaN,NaN,NaN,NaN,NaN,NaN,NaN
-0.020065,-0.056286,-0.11037,-0.12675,-0.11403,-0.087389,-0.051216,-0.0063248,0.031498,0.045268,0.053406,0.048382,0.041049,0.046915,0.038765,0.029013,0.031005,0.033849,0.018297,-0.0055162,-0.039193,-0.057756,NaN,NaN,NaN,NaN,NaN,NaN,NaN,NaN,NaN,NaN
-0.0603,-0.076694,-0.10819,-0.11698,-0.10468,-0.070558,-0.02512,0.01714,0.051436,0.069084,0.067199,0.055794,0.042442,0.045806,0.049643,0.036413,NaN,NaN,0.019467,-0.0037887,-0.035822,-0.041797,NaN,NaN,NaN,NaN,NaN,NaN,NaN,NaN,NaN,NaN
-0.069992,-0.082501,-0.09555,-0.092073,-0.082062,-0.051106,-0.0072259,0.033944,0.065996,0.082508,0.075039,0.058779,0.041727,0.052587,0.063796,0.054408,0.038231,0.02697,0.010567,-0.0083401,-0.033292,-0.035106,NaN,NaN,NaN,NaN,NaN,NaN,NaN,NaN,NaN,NaN
-0.092787,-0.099199,-0.091778,-0.078331,-0.064023,-0.033819,0.0090678,0.051188,0.08159,0.093724,0.081341,0.06252,0.050394,0.060522,0.078394,0.075252,0.053256,NaN,NaN,-0.01338,-0.033527,-0.037008,-0.032282,-0.021721,NaN,NaN,NaN,NaN,NaN,NaN,NaN,NaN
-0.091877,-0.10133,-0.08441,-0.061611,-0.041182,-0.0092407,0.031848,0.066448,0.092329,0.10094,0.085762,0.067014,0.057537,0.063074,0.07715,0.076555,0.069675,NaN,NaN,NaN,-0.025547,-0.034567,-0.03521,-0.025429,-0.030972,NaN,NaN,NaN,NaN,NaN,NaN,NaN
-0.069815,-0.089533,-0.075113,-0.055216,-0.033729,0.0049991,0.04443,0.072428,0.091546,0.090482,0.076737,0.070443,0.068923,0.067169,0.071776,0.077459,0.088554,NaN,NaN,NaN,-0.023852,-0.043361,-0.058485,-0.052232,-0.046003,NaN,NaN,NaN,NaN,NaN,NaN,NaN
-0.064784,-0.084325,-0.073144,-0.058517,-0.037717,0.0083749,0.053339,0.079894,0.094125,0.094657,0.080111,0.074898,0.071753,0.070158,0.072459,0.08131,0.10102,0.10244,NaN,NaN,NaN,-0.046152,NaN,NaN,NaN,NaN,NaN,NaN,NaN,NaN,NaN,NaN
-0.063229,-0.083334,-0.072992,-0.056825,-0.03109,0.01245,0.05986,0.087069,0.10218,0.10736,0.096542,0.087503,0.082712,0.078321,0.081347,0.089187,0.10795,0.10757,NaN,NaN,-0.008992,-0.043761,-0.049979,-0.049103,NaN,NaN,NaN,NaN,NaN,NaN,NaN,NaN
-0.055407,-0.07873,-0.075452,-0.053547,-0.020792,0.02119,0.062353,0.09214,0.10956,0.11695,0.10487,0.097086,0.089692,0.085863,0.08924,0.089634,0.10158,0.10215,0.09861,NaN,-0.003117,-0.023568,-0.035171,-0.037971,-0.049327,-0.071502,NaN,NaN,NaN,NaN,NaN,NaN
-0.046245,-0.065954,-0.064871,-0.045575,-0.015366,0.02337,0.06454,0.099177,0.1179,0.12488,0.12092,0.10752,0.097489,0.090342,0.091622,0.084675,0.087178,0.088381,0.097126,0.11084,NaN,0.00034736,-0.013457,-0.022524,-0.045159,-0.072698,NaN,NaN,NaN,NaN,NaN,NaN
-0.046338,-0.053829,-0.048127,-0.031437,-0.0029396,0.032129,0.074079,0.10599,0.1257,0.12806,0.12141,0.10953,0.097371,0.092186,0.094114,0.081994,0.073523,0.083604,0.097027,0.11349,0.09683,0.04154,0.0076746,-0.006948,-0.0347,-0.07151,-0.090854,-0.10387,NaN,NaN,NaN,NaN
-0.045422,-0.044656,-0.038734,-0.02389,0.008018,0.050501,0.090486,0.11684,0.12808,0.1342,0.12468,0.10819,0.10105,0.098663,0.093164,0.07572,0.066489,0.082451,0.10243,0.11684,0.10881,0.067285,0.034508,0.01256,-0.025031,-0.063069,-0.0901,-0.10589,-0.1159,NaN,NaN,NaN
-0.038742,-0.034357,-0.030217,-0.020622,0.010402,0.06087,0.10013,0.12198,0.13523,0.13869,0.12996,0.11519,0.10373,0.10255,0.089785,0.065608,0.056134,0.079627,0.10351,0.11694,0.1141,0.08843,0.058813,0.035213,-0.00075201,-0.046701,-0.079884,-0.10356,-0.11917,-0.12316,-0.11628,-0.11068
-0.033617,-0.033201,-0.024688,-0.0088543,0.023363,0.070319,0.10815,0.12626,0.139,0.14169,0.12843,0.11229,0.096806,0.092702,0.080141,0.050861,0.042005,0.062863,0.091255,0.11161,0.11793,0.097176,0.074902,0.054671,0.022914,-0.019733,-0.054353,-0.079692,-0.10577,-0.11854,-0.11603,-0.11301
-0.021232,-0.024735,-0.024284,0.00072618,0.039254,0.076261,0.10911,0.13175,0.1382,0.14106,0.13148,0.11046,0.093715,0.08451,0.06391,0.032128,0.015748,0.035569,0.065513,0.099622,0.10997,0.096037,0.070344,0.053869,0.024667,-0.0078006,-0.036827,-0.069634,-0.094767,-0.10225,-0.10257,-0.10068
-0.013327,-0.018735,-0.014801,0.010198,0.043813,0.075261,0.10739,0.12558,0.12717,0.13116,0.12307,0.11229,0.096152,0.087054,0.055489,0.0093871,-0.015854,0.002201,0.037261,0.076951,0.090755,0.080796,0.0659,0.058664,0.037931,0.015636,-0.0059355,-0.042919,-0.071084,-0.077845,-0.076382,-0.081906
-0.011551,-0.017102,-0.0027948,0.025021,0.053137,0.080559,0.10546,0.12015,0.11761,0.11451,0.11656,0.10792,0.095613,0.083284,0.041935,-0.016706,-0.048965,-0.02923,0.013968,0.054778,0.066097,0.060548,0.063143,0.064299,0.051181,0.031132,0.011375,-0.022994,-0.05286,-0.055218,-0.053245,-0.058785
-0.0036214,-0.013685,0.0062538,0.035542,0.05932,0.086292,0.1093,0.11636,0.10251,0.099479,0.10285,0.0991,0.087401,0.071311,0.024715,-0.044878,-0.078387,-0.055643,-0.0058388,0.034072,0.047138,0.053635,0.062973,0.072525,0.063447,0.043485,0.01906,-0.017903,-0.0467,-0.045933,-0.03729,-0.045941
0.0035524,-0.01211,0.012909,0.042814,0.061826,0.092443,0.11486,0.11421,0.099585,0.091744,0.093201,0.092921,0.071619,0.043358,-0.010301,-0.08005,-0.11405,-0.084739,-0.024304,0.01676,0.032913,0.042482,0.054909,0.072424,0.070606,0.053879,0.029815,-0.003961,-0.027458,-0.027519,-0.022083,-0.022024
0.02159,0.0039754,0.019553,0.042505,0.062489,0.094103,0.11842,0.119,0.10019,0.084036,0.080271,0.069666,0.041729,-0.0018021,-0.059605,-0.12921,-0.15785,-0.11806,-0.049168,0.0015427,0.02483,0.037346,0.053591,0.067087,0.071608,0.057816,0.037379,0.012036,-0.0081393,-0.011505,-0.013074,-0.013418
0.04908,0.018728,0.020571,0.040267,0.060817,0.092942,0.12186,0.12443,0.10174,0.076209,0.061358,0.039509,0.007962,-0.040674,-0.10263,-0.18279,-0.20524,-0.15378,-0.07471,-0.012138,0.016528,0.030325,0.050392,0.07437,0.07958,0.064559,0.045803,0.038261,0.027777,0.0089155,0.00643,0.00972
0.047523,0.014349,0.01766,0.044627,0.067098,0.096383,0.12542,0.12614,0.10419,0.078085,0.054806,0.021155,-0.021245,-0.074015,-0.14469,-0.22352,-0.2374,-0.18252,-0.0872,-0.020841,0.0042008,0.023582,0.048023,0.081668,0.091975,0.074977,0.051687,0.055451,0.053784,0.036777,0.02986,0.033118
0.036478,0.015617,0.032976,0.060966,0.080773,0.10399,0.11878,0.11404,0.094561,0.08268,0.061574,0.015028,-0.04109,-0.10459,-0.18636,-0.256,-0.26146,-0.19601,-0.10409,-0.049406,-0.015605,0.017287,0.054463,0.085263,0.10158,0.089806,0.073261,0.072091,0.071198,0.0499,0.041834,0.050123
0.046164,0.029499,0.052034,0.07646,0.092321,0.10868,0.11326,0.10163,0.088547,0.087348,0.069247,0.011626,-0.050077,-0.13099,-0.20663,-0.27558,-0.2741,-0.20961,-0.12584,-0.06991,-0.027172,0.010221,0.053138,0.086063,0.1025,0.10415,0.092248,0.082683,0.070824,0.053488,0.048959,0.0591
0.053067,0.044844,0.065823,0.087623,0.09992,0.11219,0.11052,0.096631,0.087182,0.084717,0.062436,0.0061841,-0.067413,-0.14526,-0.22619,-0.29609,-0.29752,-0.23279,-0.15401,-0.097119,-0.048201,0.0055238,0.045073,0.079732,0.10226,0.11585,0.11542,0.097838,0.074968,0.060566,0.060612,0.065648
0.052632,0.052293,0.072516,0.091585,0.10416,0.11757,0.11329,0.099789,0.084917,0.076807,0.04573,-0.013748,-0.078845,-0.15871,-0.25172,-0.32544,-0.3301,-0.26234,-0.17605,-0.11794,-0.061809,-0.0066419,0.033277,0.074682,0.099894,0.12021,0.12488,0.10044,0.071111,0.063302,0.063355,0.065123
0.057693,0.060763,0.08255,0.099786,0.11045,0.11803,0.11362,0.09887,0.075661,0.051843,0.014582,-0.033839,-0.092338,-0.18061,-0.27968,-0.36386,-0.36276,-0.2808,-0.18715,-0.1273,-0.079992,-0.030054,0.013214,0.059118,0.09448,0.11771,0.12406,0.10417,0.075392,0.056098,0.046445,0.055091
0.068351,0.07183,0.096941,0.11362,0.1168,0.11416,0.10677,0.091176,0.064551,0.025919,-0.0098871,-0.052804,-0.10074,-0.19384,-0.30568,-0.39295,-0.38279,-0.29234,-0.19832,-0.13484,-0.092678,-0.050508,-0.010569,0.035899,0.073841,0.097171,0.10814,0.10165,0.06933,0.036483,0.028567,0.044421
0.093678,0.088438,0.11125,0.12733,0.11878,0.10932,0.10035,0.081533,0.046436,0.0039285,-0.029364,-0.057443,-0.10714,-0.20217,-0.32137,-0.41217,-0.40856,-0.31918,-0.21735,-0.14923,-0.10675,-0.071381,-0.038441,0.013614,0.053103,0.077444,0.091751,0.085999,0.058715,0.030946,0.029575,0.04732
0.12353,0.1052,0.12878,0.13631,0.11523,0.10041,0.09226,0.070534,0.027353,-0.0070861,-0.031484,-0.055585,-0.11274,-0.22046,-0.34232,-0.43797,-0.45212,-0.37261,-0.26782,-0.18713,-0.13133,-0.095462,-0.062539,-0.0078547,0.042576,0.075439,0.089975,0.084489,0.053702,0.040541,0.055265,0.067576
0.1365,0.11776,0.13416,0.13534,0.10855,0.092005,0.080501,0.053046,0.014127,-0.011041,-0.025271,-0.05522,-0.12342,-0.23894,-0.3657,-0.48193,-0.50727,-0.4414,-0.33481,-0.23811,-0.15923,-0.11833,-0.079989,-0.02682,0.028496,0.065762,0.085583,0.076288,0.051916,0.05366,0.070985,0.074158
0.14271,0.13075,0.14413,0.13524,0.10818,0.09127,0.068259,0.03522,0.0018112,-0.012449,-0.024278,-0.06218,-0.13478,-0.27721,-0.41829,-0.53173,-0.55855,-0.49369,-0.37808,-0.27947,-0.19552,-0.14544,-0.10403,-0.04258,0.020113,0.06778,0.096048,0.091894,0.067608,0.066792,0.079232,0.072144
0.14941,0.13631,0.13992,0.12359,0.099811,0.083736,0.054602,0.018872,-0.0063084,-0.01226,-0.023126,-0.068878,-0.1644,-0.30861,-0.45662,-0.56355,-0.58225,-0.51805,-0.4114,-0.31201,-0.24196,-0.18172,-0.12734,-0.057832,0.013677,0.074939,0.10831,0.10909,0.080827,0.073563,0.075565,0.068648
0.1525,0.14469,0.1395,0.11979,0.096665,0.073197,0.0342,-0.00082874,-0.015505,-0.016463,-0.03624,-0.092037,-0.19822,-0.34261,-0.48065,-0.57731,-0.5949,-0.53034,-0.44185,-0.34877,-0.27291,-0.20145,-0.12886,-0.052771,0.02271,0.085409,0.12152,0.12082,0.095428,0.087703,0.084263,0.074075
0.15389,0.14911,0.14072,0.11568,0.090953,0.063192,0.018939,-0.018497,-0.027418,-0.033013,-0.055283,-0.11588,-0.22283,-0.36745,-0.4893,-0.57756,-0.59455,-0.54106,-0.46427,-0.37284,-0.28802,-0.20625,-0.12834,-0.054562,0.017684,0.073601,0.10717,0.10838,0.090646,0.092229,0.091987,0.078131
0.1678,0.16251,0.14874,0.12091,0.092124,0.061971,0.01391,-0.026271,-0.0441,-0.0561,-0.086522,-0.14368,-0.24483,-0.38119,-0.49447,-0.57798,-0.59637,-0.54943,-0.47049,-0.37697,-0.29134,-0.20509,-0.11668,-0.049724,0.011137,0.068599,0.11433,0.12542,0.10737,0.10034,0.087323,0.065037
0.18297,0.17543,0.15175,0.11739,0.085304,0.053156,0.0067742,-0.033091,-0.054574,-0.077042,-0.10619,-0.15692,-0.25841,-0.38996,-0.50385,-0.59152,-0.61062,-0.55587,-0.47288,-0.37622,-0.27961,-0.19846,-0.12207,-0.062761,-0.0088138,0.053255,0.10703,0.1229,0.10727,0.094648,0.073663,0.060329
0.19316,0.17491,0.13863,0.10162,0.068764,0.032804,-0.0059544,-0.046055,-0.067354,-0.086326,-0.11255,-0.15421,-0.25943,-0.40028,-0.51851,-0.61454,-0.62531,-0.55674,-0.45951,-0.35317,-0.2722,-0.20242,-0.14573,-0.080063,-0.015555,0.054653,0.11161,0.12928,0.11687,0.10065,0.081371,0.080412
0.19639,0.16799,0.12725,0.0846,0.051711,0.019159,-0.016193,-0.046295,-0.072111,-0.088761,-0.11632,-0.15907,-0.26858,-0.41303,-0.53322,-0.62466,-0.62361,-0.54445,-0.44592,-0.35455,-0.2726,-0.2062,-0.14852,-0.092287,-0.024505,0.04869,0.10834,0.13441,0.13486,0.12153,0.1045,0.10161
0.20374,0.17037,0.12995,0.081897,0.045298,0.016289,-0.0095162,-0.036306,-0.063627,-0.091633,-0.12299,-0.16563,-0.27168,-0.41864,-0.54384,-0.62748,-0.61082,-0.52676,-0.4379,-0.34897,-0.26734,-0.21191,-0.16318,-0.10957,-0.045009,0.025371,0.086401,0.12866,0.15289,0.15085,0.12639,0.12235
0.21592,0.17675,0.13001,0.08493,0.043041,0.015207,-0.0014345,-0.02605,-0.064858,-0.097404,-0.13203,-0.17232,-0.27343,-0.42396,-0.54687,-0.61648,-0.59391,-0.50653,-0.43229,-0.35593,-0.27917,-0.22585,-0.18737,-0.13917,-0.073435,0.0028263,0.071511,0.13048,0.17072,0.17019,0.14214,0.13246
0.21562,0.16679,0.12114,0.078811,0.0388,0.0086968,-0.0070231,-0.030758,-0.072362,-0.10829,-0.14399,-0.18826,-0.28965,-0.4291,-0.53309,-0.59614,-0.57121,-0.48804,-0.41669,-0.34449,-0.28374,-0.25669,-0.22711,-0.17752,-0.10293,-0.020941,0.057356,0.12815,0.17701,0.17943,0.15582,0.14576
0.20462,0.1481,0.099152,0.060657,0.024766,-0.0019745,-0.020148,-0.042192,-0.075344,-0.11528,-0.1552,-0.20747,-0.30255,-0.42402,-0.51071,-0.56447,-0.54158,-0.45483,-0.38325,-0.32638,-0.29272,-0.28441,-0.2608,-0.21119,-0.12636,-0.038962,0.043828,0.11984,0.16835,0.17596,0.16285,0.15047
0.19166,0.13395,0.079854,0.037019,0.006852,-0.015711,-0.034092,-0.05784,-0.092483,-0.12753,-0.17089,-0.22248,-0.31052,-0.41693,-0.48764,-0.53122,-0.50775,-0.42262,-0.36654,-0.33411,-0.31573,-0.32012,-0.29361,-0.23455,-0.14603,-0.051306,0.032706,0.10184,0.14979,0.16653,0.16694,0.1596
0.1818,0.12202,0.064564,0.017381,-0.0086658,-0.027348,-0.047563,-0.075545,-0.10845,-0.14663,-0.18436,-0.22603,-0.30971,-0.40742,-0.46879,-0.51151,-0.50017,-0.43189,-0.39321,-0.3757,-0.35862,-0.34772,-0.31172,-0.25123,-0.16034,-0.06122,0.027241,0.09272,0.13845,0.15924,0.17048,0.17071
0.16198,0.10232,0.052163,0.0073455,-0.022758,-0.041269,-0.062614,-0.092596,-0.13423,-0.17128,-0.19832,-0.22385,-0.3122,-0.40283,-0.47152,-0.52959,-0.54128,-0.48282,-0.44177,-0.41955,-0.39005,-0.3602,-0.3228,-0.26185,-0.17307,-0.073711,0.018884,0.089078,0.13937,0.16994,0.18957,0.18465
0.13693,0.078279,0.039413,-0.0039494,-0.036354,-0.058436,-0.077923,-0.10968,-0.15713,-0.19875,-0.21933,-0.22783,-0.31558,-0.41311,-0.49647,-0.57988,-0.60103,-0.53738,-0.47108,-0.43464,-0.3979,-0.3648,-0.33088,-0.26714,-0.1908,-0.10012,-0.002802,0.080743,0.14612,0.19141,0.21613,0.21768
0.10708,0.053719,0.014949,-0.020932,-0.05653,-0.070117,-0.083992,-0.10883,-0.14135,-0.18866,-0.22366,-0.24448,-0.32244,-0.42767,-0.51696,-0.60241,-0.61149,-0.52441,-0.45133,-0.41459,-0.38559,-0.36276,-0.32744,-0.27755,-0.20627,-0.12,-0.021347,0.075289,0.15391,0.20509,0.23116,0.23378
0.074811,0.024275,-0.019263,-0.058998,-0.08284,-0.087681,-0.088092,-0.10116,-0.13266,-0.17217,-0.21145,-0.24419,-0.33359,-0.44323,-0.53453,-0.60642,-0.58353,-0.48181,-0.41536,-0.39415,-0.38094,-0.36146,-0.3343,-0.285,-0.22333,-0.14584,-0.039832,0.071087,0.15196,0.20691,0.24048,0.25146
0.044763,-0.0033187,-0.053449,-0.096243,-0.11207,-0.10062,-0.092684,-0.094359,-0.12127,-0.15956,-0.20476,-0.24981,-0.34625,-0.45626,-0.5363,-0.58302,-0.53696,-0.43529,-0.38453,-0.38332,-0.37749,-0.35901,-0.33724,-0.29205,-0.23626,-0.15898,-0.054158,0.05919,0.14802,0.21279,0.25891,0.27057
0.021079,-0.027668,-0.076828,-0.1201,-0.13189,-0.11677,-0.097429,-0.090544,-0.10938,-0.15208,-0.20075,-0.25932,-0.35822,-0.45417,-0.52136,-0.56504,-0.52283,-0.42987,-0.38525,-0.38429,-0.38191,-0.36628,-0.34543,-0.31067,-0.25936,-0.18436,-0.075509,0.042993,0.14271,0.21319,0.25878,0.27183
-0.00027481,-0.043281,-0.086494,-0.12773,-0.13703,-0.12216,-0.097037,-0.084996,-0.10323,-0.15258,-0.20349,-0.26227,-0.35631,-0.43582,-0.49914,-0.55766,-0.53968,-0.4608,-0.41501,-0.40627,-0.38992,-0.37223,-0.35263,-0.32374,-0.27373,-0.19841,-0.091877,0.030633,0.13968,0.21367,0.25557,0.26636
-0.037162,-0.068343,-0.092336,-0.12332,-0.13952,-0.13297,-0.11001,-0.090608,-0.10728,-0.15337,-0.20603,-0.26495,-0.35241,-0.42143,-0.48785,-0.56927,-0.57285,-0.50307,-0.45211,-0.42729,-0.39643,-0.37151,-0.34892,-0.32793,-0.28379,-0.21,-0.10488,0.015033,0.12953,0.20843,0.24864,0.26397
-0.068163,-0.08159,-0.094405,-0.11391,-0.1356,-0.1345,-0.11616,-0.093329,-0.10549,-0.14765,-0.20651,-0.26779,-0.35178,-0.41468,-0.48394,-0.57896,-0.59475,-0.52219,-0.46751,-0.43774,-0.40335,-0.37223,-0.35322,-0.33458,-0.29601,-0.22282,-0.12349,0.00029751,0.11287,0.19829,0.24385,0.26468
-0.095335,-0.10462,-0.10443,-0.11824,-0.14038,-0.1444,-0.11991,-0.09652,-0.10218,-0.13937,-0.19974,-0.27674,-0.35274,-0.41741,-0.50005,-0.59461,-0.61159,-0.53727,-0.47641,-0.44615,-0.40604,-0.37278,-0.35241,-0.33553,-0.30718,-0.2291,-0.13081,-0.013109,0.10079,0.18417,0.23817,0.26979
-0.12066,-0.12075,-0.11089,-0.12238,-0.14017,-0.13587,-0.10745,-0.083006,-0.088644,-0.12705,-0.1963,-0.27422,-0.35344,-0.42737,-0.51729,-0.60763,-0.61488,-0.54157,-0.48213,-0.44885,-0.40547,-0.36447,-0.34486,-0.33588,-0.30885,-0.24172,-0.14366,-0.028995,0.082594,0.1629,0.22046,0.26888
-0.1438,-0.13682,-0.12512,-0.13142,-0.14886,-0.14271,-0.10754,-0.082334,-0.088738,-0.13057,-0.19643,-0.27262,-0.35215,-0.43563,-0.53158,-0.61771,-0.61456,-0.5486,-0.49384,-0.45536,-0.40538,-0.36099,-0.34377,-0.33772,-0.31152,-0.2517,-0.15479,-0.043912,0.067363,0.15442,0.21882,0.26466
-0.17045,-0.16164,-0.14669,-0.15079,-0.16876,-0.16771,-0.13101,-0.093225,-0.095468,-0.13261,-0.19121,-0.26053,-0.34324,-0.43255,-0.5318,-0.62281,-0.62287,-0.55966,-0.50378,-0.46156,-0.40381,-0.35861,-0.33553,-0.334,-0.31506,-0.25313,-0.16735,-0.061069,0.053142,0.15172,0.22763,0.26959
-0.19381,-0.19171,-0.17718,-0.18258,-0.20567,-0.20173,-0.15622,-0.10335,-0.095801,-0.13361,-0.18791,-0.24716,-0.33006,-0.42054,-0.52728,-0.62747,-0.63695,-0.58247,-0.51792,-0.46402,-0.40273,-0.35098,-0.32894,-0.32507,-0.30862,-0.25372,-0.17028,-0.069401,0.041999,0.14582,0.22121,0.25266
-0.22744,-0.23558,-0.22516,-0.22791,-0.24159,-0.22694,-0.16968,-0.1085,-0.098232,-0.13224,-0.18556,-0.24613,-0.32603,-0.41374,-0.52663,-0.63997,-0.66346,-0.6084,-0.53533,-0.46709,-0.39973,-0.34578,-0.31944,-0.31935,-0.30288,-0.25029,-0.1734,-0.074037,0.03242,0.12924,0.19776,0.21926
-0.27866,-0.3134,-0.31173,-0.29311,-0.2663,-0.2282,-0.17125,-0.11283,-0.10029,-0.13332,-0.18908,-0.25457,-0.33131,-0.41743,-0.538,-0.66574,-0.68999,-0.6286,-0.54859,-0.47027,-0.39685,-0.34183,-0.31282,-0.31284,-0.2985,-0.24991,-0.17383,-0.07887,0.018771,0.10564,0.16601,0.19236
NaN,-0.36314,-0.40264,-0.38503,-0.3125,-0.22689,-0.16585,-0.11922,-0.10414,-0.13519,-0.19447,-0.26548,-0.33581,-0.41883,-0.55152,-0.69036,-0.71426,-0.64051,-0.55761,-0.47417,-0.40315,-0.33928,-0.30905,-0.31,-0.29695,-0.2507,-0.17401,-0.085791,0.0041339,0.086182,0.14552,0.17361
NaN,NaN,-0.40483,-0.4309,-0.36258,-0.25011,-0.17317,-0.12775,-0.11148,-0.13838,-0.19335,-0.25945,-0.33209,-0.40964,-0.53525,-0.68128,-0.71505,-0.64224,-0.56177,-0.47806,-0.39085,-0.33375,-0.30181,-0.29802,-0.29113,-0.24742,-0.18071,-0.096649,-0.0062481,0.076066,0.14139,0.16548
NaN,NaN,-0.35403,-0.41087,-0.37771,-0.28271,-0.20079,-0.14976,-0.1284,-0.14907,-0.20211,-0.26024,-0.328,-0.40652,-0.52681,-0.67742,-0.71583,-0.64804,-0.56547,-0.48403,-0.3978,-0.3275,-0.28834,-0.28005,-0.27963,-0.24632,-0.18311,-0.10136,-0.015227,0.068181,0.13087,0.15704
NaN,NaN,NaN,-0.337,-0.34144,-0.28408,-0.21552,-0.16525,-0.13874,-0.14784,-0.19848,-0.26663,-0.32979,-0.40188,-0.52099,-0.67532,-0.72278,-0.65683,-0.57,-0.485,-0.39733,-0.31776,-0.27191,-0.26547,-0.26636,-0.23821,-0.17483,-0.10063,-0.01853,0.060552,0.11449,0.13867
NaN,NaN,NaN,NaN,-0.28467,-0.27124,-0.22184,-0.16892,-0.13904,-0.14744,-0.19866,-0.27474,-0.33733,-0.41133,-0.53012,-0.68811,-0.73962,-0.67006,-0.58138,-0.48747,-0.39382,-0.31226,-0.2609,-0.24904,-0.24896,-0.22141,-0.16372,-0.086268,-0.013508,0.055368,0.10163,0.12754
NaN,NaN,NaN,NaN,NaN,NaN,-0.20705,-0.15844,-0.12981,-0.14262,-0.19992,-0.28365,-0.34371,-0.41702,-0.54005,-0.70155,-0.74812,-0.67485,-0.58359,-0.48129,-0.38687,-0.30546,-0.25997,-0.24472,-0.24034,-0.21183,-0.15173,-0.077637,-0.0088238,0.054817,0.099026,0.12584
NaN,NaN,NaN,NaN,NaN,NaN,-0.18853,-0.15017,-0.11943,-0.1384,-0.20669,-0.27918,-0.34068,-0.42607,-0.56191,-0.71513,-0.75486,-0.67875,-0.58584,-0.47947,-0.37702,-0.30447,-0.26106,-0.24357,-0.22979,-0.20145,-0.14497,-0.078065,-0.012405,0.047131,0.085687,0.11261
NaN,NaN,NaN,NaN,NaN,NaN,NaN,-0.14665,-0.12643,-0.15399,-0.22199,-0.28575,-0.33545,-0.4232,-0.55411,-0.70231,-0.74124,-0.66681,-0.57184,-0.47387,-0.38361,-0.31252,-0.26648,-0.24143,-0.22581,-0.19917,-0.14885,-0.081131,-0.020219,0.041716,0.07733,0.10248
NaN,NaN,NaN,NaN,NaN,NaN,NaN,-0.12475,-0.12621,-0.17844,-0.24701,-0.29708,-0.34144,-0.41242,-0.53486,-0.68199,-0.73233,-0.65899,-0.55862,-0.47127,-0.38208,-0.31651,-0.26045,-0.2325,-0.21593,-0.19798,-0.15599,-0.094539,-0.034351,0.022749,0.061222,0.081996
NaN,NaN,NaN,0.025251,0.025029,NaN,NaN,NaN,-0.17359,-0.22896,-0.28443,-0.32353,-0.36477,-0.41984,-0.52205,-0.66021,-0.71454,-0.64619,-0.55004,-0.46534,-0.38642,-0.3145,-0.246,-0.20997,-0.20288,-0.18946,-0.15623,-0.10251,-0.041465,0.013526,0.052317,0.072313
NaN,0.034095,0.019952,0.019393,0.023091,0.0086977,NaN,NaN,-0.22143,-0.26733,-0.30238,-0.34386,-0.39107,-0.42131,-0.51025,-0.65563,-0.71938,-0.65145,-0.55146,-0.47041,-0.37945,-0.29748,-0.22618,-0.19502,-0.18404,-0.1782,-0.16138,-0.11289,-0.050965,0.0080758,0.05018,0.073915
0.056067,0.043449,0.018623,0.0087955,0.011554,-0.011324,NaN,NaN,-0.22828,-0.25934,-0.30853,-0.37683,-0.40562,-0.41183,-0.49668,-0.65994,-0.7407,-0.67068,-0.56473,-0.47268,-0.37996,-0.28854,-0.22074,-0.18472,-0.17323,-0.17222,-0.16258,-0.12307,-0.063146,-0.006133,0.038061,0.067746
0.057182,0.038049,0.0040465,-0.012659,-0.015801,-0.035284,NaN,NaN,-0.19513,-0.21886,-0.33978,-0.42073,-0.41991,-0.40614,-0.48891,-0.6636,-0.7583,-0.69092,-0.57653,-0.48529,-0.38471,-0.29595,-0.22257,-0.18747,-0.17433,-0.17035,-0.15979,-0.12595,-0.070807,-0.019755,0.023301,0.054476
0.056134,0.037424,-0.0048511,-0.035465,-0.048857,NaN,NaN,NaN,NaN,-0.25054,-0.41898,-0.48468,-0.44265,-0.41314,-0.4874,-0.65545,-0.75863,-0.70134,-0.59663,-0.50522,-0.40719,-0.32108,-0.24276,-0.2028,-0.1862,-0.1763,-0.16038,-0.12881,-0.082067,-0.030484,0.010447,0.045155
0.062412,0.040499,-0.0021552,-0.040921,-0.06881,NaN,-0.14931,-0.15684,NaN,-0.32268,-0.47933,-0.51478,-0.4557,-0.42332,-0.48373,-0.63672,-0.75197,-0.72852,-0.63785,-0.54496,-0.45189,-0.36882,-0.28073,-0.22426,-0.20129,-0.18766,-0.16674,-0.13493,-0.094225,-0.045597,-0.0017342,0.027695
0.045208,0.029048,-0.0047478,-0.038909,-0.075093,-0.12241,-0.14682,-0.15454,NaN,NaN,-0.47385,-0.47907,-0.43864,-0.42105,-0.47377,-0.61967,-0.76219,-0.78653,-0.71789,-0.61215,-0.51705,-0.43033,-0.32787,-0.25683,-0.21558,-0.19083,-0.16839,-0.14162,-0.10215,-0.057394,-0.018544,0.0050676
0.0031616,0.0047689,-0.0093069,-0.034855,-0.06555,-0.09835,-0.12114,-0.1335,NaN,NaN,NaN,-0.37612,-0.39535,-0.40766,-0.4535,-0.57979,-0.73956,-0.8285,-0.81145,-0.71309,-0.59809,-0.49558,-0.38493,-0.29604,-0.2296,-0.18443,-0.16305,-0.14135,-0.10776,-0.068449,-0.035605,-0.010226
NaN,NaN,-0.012989,-0.038217,-0.065247,-0.089806,-0.10746,-0.12327,-0.13763,-0.15098,-0.18226,NaN,-0.35262,-0.39602,-0.43742,-0.50463,-0.62605,-0.76176,-0.84514,-0.82044,-0.70306,-0.58473,-0.44838,-0.34445,-0.24394,-0.17242,-0.14407,-0.13264,-0.10865,-0.075814,-0.042891,-0.018162
0.0019139,NaN,NaN,-0.042928,-0.082188,-0.097258,-0.11372,-0.13342,-0.14518,-0.14458,-0.15846,NaN,-0.32568,-0.3806,-0.40621,-0.42167,-0.4906,-0.63064,NaN,-0.88793,-0.82671,-0.71101,-0.55819,-0.40968,-0.27702,-0.17852,-0.13455,-0.12621,-0.11392,-0.090478,-0.064911,-0.036315
-0.020821,-0.019893,-0.029828,-0.056841,-0.087635,-0.10359,-0.11504,-0.13243,-0.1431,-0.14032,-0.14442,-0.19466,-0.29661,-0.34218,-0.35288,NaN,NaN,NaN,NaN,NaN,NaN,-0.80995,-0.66691,-0.50123,-0.3425,-0.21788,-0.16005,-0.14765,-0.13649,-0.11609,-0.092604,-0.067167
-0.0011317,-0.011937,-0.024548,-0.053558,-0.084653,-0.10114,-0.11347,-0.13024,-0.13965,-0.13955,-0.12784,NaN,NaN,NaN,NaN,NaN,NaN,NaN,NaN,NaN,NaN,NaN,-0.6758,-0.55325,-0.40366,-0.27887,-0.20781,-0.18193,-0.16161,-0.14313,-0.12066,-0.099643
-0.022083,-0.023535,-0.037643,-0.06825,-0.095336,-0.1053,-0.11761,-0.13283,-0.13848,-0.13675,NaN,NaN,NaN,NaN,NaN,NaN,NaN,NaN,NaN,NaN,NaN,NaN,NaN,NaN,-0.39049,-0.31322,-0.25486,-0.22622,-0.19898,-0.17009,-0.15521,-0.13466
-0.0094842,-0.0058186,-0.033004,-0.073787,-0.10947,-0.12118,-0.1306,-0.14135,-0.13609,-0.12064,NaN,NaN,NaN,NaN,NaN,NaN,NaN,NaN,NaN,NaN,NaN,NaN,NaN,NaN,NaN,-0.34495,-0.31345,-0.28453,-0.24306,-0.20834,-0.19742,-0.18059
0.0014228,-0.0029122,-0.040832,-0.089222,-0.11951,-0.13043,-0.14277,-0.14312,-0.13351,-0.11039,NaN,NaN,NaN,NaN,NaN,NaN,NaN,NaN,NaN,NaN,NaN,NaN,NaN,NaN,NaN,-0.33859,-0.3324,-0.30754,-0.25072,-0.20665,-0.19696,NaN
0.018087,0.0078523,-0.039617,-0.094035,-0.12668,-0.14221,-0.15188,-0.14921,-0.13214,-0.099092,NaN,NaN,NaN,NaN,NaN,NaN,NaN,NaN,NaN,NaN,NaN,NaN,NaN,NaN,NaN,NaN,NaN,NaN,NaN,NaN,NaN,NaN
0.030619,0.008068,-0.042516,-0.08443,-0.12371,-0.14384,-0.15087,-0.14753,-0.13956,-0.11757,NaN,NaN,NaN,NaN,NaN,NaN,NaN,NaN,NaN,NaN,NaN,NaN,NaN,NaN,NaN,NaN,NaN,NaN,NaN,NaN,NaN,NaN
0.024953,-0.0015275,-0.044069,-0.085358,-0.12029,-0.14636,-0.15246,-0.14628,-0.14005,-0.12119,-0.10441,NaN,NaN,NaN,NaN,NaN,NaN,NaN,NaN,NaN,NaN,NaN,NaN,NaN,NaN,NaN,NaN,NaN,NaN,NaN,NaN,NaN
0.029587,0.0019088,-0.040314,-0.077059,-0.11284,-0.14106,-0.15237,-0.14695,-0.13956,-0.12312,NaN,NaN,NaN,NaN,NaN,NaN,NaN,NaN,NaN,NaN,NaN,NaN,NaN,NaN,NaN,NaN,NaN,NaN,NaN,NaN,NaN,NaN
0.029429,0.0023087,-0.037132,-0.071002,-0.10674,-0.13375,-0.14646,-0.14658,-0.14094,-0.12361,-0.10343,NaN,NaN,NaN,NaN,NaN,NaN,NaN,NaN,NaN,NaN,NaN,NaN,NaN,NaN,NaN,NaN,NaN,NaN,NaN,NaN,NaN
0.030204,0.0045352,-0.030184,-0.065907,-0.099904,-0.12935,-0.14621,-0.1507,-0.14136,-0.13154,-0.11325,-0.098841,NaN,NaN,NaN,NaN,NaN,NaN,NaN,NaN,NaN,NaN,NaN,NaN,NaN,NaN,NaN,NaN,NaN,NaN,NaN,NaN
0.035592,0.014009,-0.023062,-0.060466,-0.096807,-0.12818,-0.14955,-0.15746,-0.14925,-0.13978,-0.12413,-0.1053,NaN,NaN,NaN,NaN,NaN,NaN,NaN,NaN,NaN,NaN,NaN,NaN,NaN,NaN,NaN,NaN,NaN,NaN,NaN,NaN
0.035596,0.014639,-0.020078,-0.058704,-0.096781,-0.12695,-0.15029,-0.16388,-0.15889,-0.14291,-0.1248,-0.10538,-0.087518,NaN,NaN,NaN,NaN,NaN,NaN,NaN,NaN,NaN,NaN,NaN,NaN,NaN,NaN,NaN,NaN,NaN,NaN,NaN
0.040799,0.013379,-0.021051,-0.059609,-0.099702,-0.13,-0.15337,-0.16676,-0.16403,-0.14241,-0.12327,-0.096898,-0.082505,NaN,NaN,NaN,NaN,NaN,NaN,NaN,NaN,NaN,NaN,NaN,NaN,NaN,NaN,NaN,NaN,NaN,NaN,NaN
0.040907,0.0096522,-0.021989,-0.057423,-0.093863,-0.12786,-0.14891,-0.16016,-0.15792,-0.14429,-0.12438,-0.10137,-0.083251,NaN,NaN,NaN,NaN,NaN,NaN,NaN,NaN,NaN,NaN,NaN,NaN,NaN,NaN,NaN,NaN,NaN,NaN,NaN
0.030266,-0.0013809,-0.031754,-0.063982,-0.10017,-0.13124,-0.15102,-0.15611,-0.15355,-0.1451,-0.13315,-0.11327,-0.089598,-0.064625,-0.046335,NaN,NaN,NaN,NaN,NaN,NaN,NaN,NaN,NaN,NaN,NaN,NaN,NaN,NaN,NaN,NaN,NaN
0.02608,-0.00024099,-0.037241,-0.067977,-0.1058,-0.13603,-0.15459,-0.15724,-0.15205,-0.14284,-0.13446,-0.12327,-0.1031,-0.074018,-0.052669,-0.041745,NaN,NaN,NaN,NaN,NaN,NaN,NaN,NaN,NaN,NaN,NaN,NaN,NaN,NaN,NaN,-0.020974
0.028821,0.0012751,-0.035869,-0.073498,-0.10742,-0.13909,-0.15881,-0.16163,-0.15445,-0.14287,-0.13464,-0.12598,-0.11173,-0.083063,-0.059891,-0.045791,NaN,NaN,NaN,NaN,NaN,NaN,NaN,NaN,NaN,NaN,NaN,NaN,NaN,-0.045736,-0.035812,-0.028556
0.024534,-0.0068824,-0.042749,-0.076867,-0.11147,-0.1434,-0.16325,-0.1709,-0.16799,-0.14989,-0.13429,-0.12417,-0.11523,-0.090854,-0.07418,-0.054276,-0.031107,NaN,NaN,NaN,NaN,NaN,NaN,NaN,NaN,NaN,NaN,NaN,-0.067627,-0.059523,-0.050243,-0.042246
0.015047,-0.021083,-0.055062,-0.081287,-0.11482,-0.1481,-0.16664,-0.17309,-0.16911,-0.15982,-0.13694,-0.11986,-0.1103,-0.096872,-0.088642,-0.062336,-0.035725,NaN,NaN,NaN,NaN,NaN,NaN,NaN,NaN,NaN,NaN,NaN,-0.057966,-0.061428,-0.059748,-0.059329
0.005221,-0.027815,-0.05887,-0.08294,-0.11501,-0.14698,-0.15882,-0.16661,-0.17033,-0.16575,-0.14499,-0.12398,-0.10856,-0.095979,-0.087354,-0.060487,-0.033526,-0.023793,NaN,NaN,NaN,NaN,NaN,NaN,NaN,NaN,NaN,-0.047974,-0.05277,-0.060628,-0.065223,-0.072841
-0.0055446,-0.0308,-0.058914,-0.087067,-0.11614,-0.14037,-0.14809,-0.1546,-0.15952,-0.15106,-0.13253,-0.11803,-0.10665,-0.094102,-0.081449,-0.057541,-0.033811,-0.028736,NaN,NaN,NaN,NaN,NaN,NaN,NaN,-0.052304,-0.052167,-0.053803,-0.057785,-0.060496,-0.063854,-0.081822
-0.010096,-0.033484,-0.058271,-0.089999,-0.11919,-0.13928,-0.14411,-0.14846,-0.15039,-0.13637,-0.11964,-0.11198,-0.10206,-0.088558,-0.072533,-0.051531,-0.032675,-0.032297,NaN,NaN,NaN,NaN,-0.055458,-0.057774,-0.059947,-0.05785,-0.057007,-0.059587,-0.06039,-0.055797,-0.054535,-0.073737
-0.012606,-0.035481,-0.064295,-0.094597,-0.12005,-0.13448,-0.13857,-0.13824,-0.1369,-0.12268,-0.11322,-0.11389,-0.10867,-0.086336,-0.065574,-0.041357,-0.024371,-0.02482,-0.028757,NaN,NaN,-0.051326,-0.051366,-0.059402,-0.068311,-0.069604,-0.073155,-0.078305,-0.073555,-0.055751,-0.045395,-0.054065
-0.012028,-0.036061,-0.063938,-0.091139,-0.11763,-0.13362,-0.137,-0.13568,-0.13019,-0.11717,-0.11639,-0.12046,-0.11509,-0.092085,-0.064849,-0.03342,-0.01352,-0.0081832,-0.018837,-0.030744,-0.042478,-0.048823,-0.04515,-0.052289,-0.067926,-0.079967,-0.092108,-0.1039,-0.095994,-0.068423,-0.04143,-0.038718
-0.012389,-0.041872,-0.064869,-0.087184,-0.11446,-0.1293,-0.12902,-0.13124,-0.12827,-0.11752,-0.11568,-0.12099,-0.10714,-0.088248,-0.060901,-0.025054,-0.0017477,0.0080754,-0.0017673,-0.016183,-0.030395,-0.036559,-0.035898,-0.047059,-0.066198,-0.085586,-0.10266,-0.11625,-0.10985,-0.079227,-0.040018,-0.020968
-0.01339,-0.041781,-0.06229,-0.082329,-0.105,-0.12073,-0.12004,-0.12405,-0.12488,-0.12072,-0.12015,-0.11613,-0.10187,-0.07787,-0.044787,-0.011459,0.0072045,0.013563,0.0071221,-0.0087747,-0.027665,-0.03219,-0.030175,-0.042982,-0.069367,-0.087338,-0.10351,-0.11654,-0.11561,-0.087706,-0.041303,-0.014659
-0.011467,-0.039834,-0.059275,-0.0811,-0.099098,-0.10944,-0.11058,-0.11303,-0.11746,-0.12055,-0.12331,-0.11767,-0.095172,-0.066208,-0.030958,0.0033693,0.018374,0.015885,0.011254,-0.0062846,-0.025541,-0.035271,-0.036926,-0.052079,-0.074236,-0.083063,-0.09203,-0.10408,-0.10943,-0.087957,-0.047651,-0.013166
-0.017192,-0.046663,-0.064785,-0.081861,-0.097126,-0.1044,-0.10499,-0.098485,-0.10438,-0.11701,-0.12136,-0.11549,-0.08483,-0.051731,-0.017331,0.01526,0.028203,0.022014,0.01735,-0.0019254,-0.022052,-0.037698,-0.046342,-0.0612,-0.076584,-0.079024,-0.08428,-0.0962,-0.10656,-0.09021,-0.053,-0.020315
-0.025329,-0.050673,-0.06307,-0.074268,-0.085342,-0.092601,-0.097632,-0.093712,-0.10074,-0.12123,-0.12087,-0.10744,-0.08104,-0.041549,-0.00017006,0.029431,0.034149,0.03215,0.028342,0.0075328,-0.015957,-0.037983,-0.046821,-0.068244,-0.082618,-0.083763,-0.091392,-0.10506,-0.11295,-0.094437,-0.06482,-0.029529
-0.034914,-0.052485,-0.059834,-0.072237,-0.079439,-0.089124,-0.093807,-0.09495,-0.10946,-0.13465,-0.13053,-0.10869,-0.082677,-0.036102,0.023099,0.046346,0.043743,0.040091,0.041736,0.017394,-0.0083663,-0.02803,-0.044102,-0.068719,-0.089073,-0.090833,-0.09589,-0.10821,-0.11318,-0.10211,-0.077793,-0.044835
-0.035833,-0.05491,-0.056481,-0.065582,-0.075721,-0.085512,-0.096486,-0.10666,-0.12256,-0.14375,-0.14162,-0.11735,-0.080464,-0.026152,0.041376,0.068115,0.063763,0.052977,0.046282,0.020958,-0.0075142,-0.02322,-0.037661,-0.069296,-0.094671,-0.10104,-0.098399,-0.10232,-0.10773,-0.10037,-0.081345,-0.049609
-0.041915,-0.054305,-0.051965,-0.049175,-0.050909,-0.060919,-0.084083,-0.11033,-0.13645,-0.15487,-0.15278,-0.12391,-0.071185,-0.0040993,0.055388,0.079814,0.077196,0.070359,0.059591,0.030662,0.0023699,-0.019768,-0.037977,-0.069338,-0.10565,-0.1188,-0.10662,-0.095992,-0.10254,-0.10711,-0.090514,-0.052865
-0.045163,-0.053698,-0.048361,-0.04106,-0.043328,-0.053836,-0.072489,-0.098798,-0.12757,-0.13901,-0.13487,-0.11021,-0.056528,0.0070338,0.060073,0.078965,0.082353,0.082004,0.072687,0.043307,0.015502,-0.012056,-0.034559,-0.063025,-0.10611,-0.1278,-0.11744,-0.1006,-0.10081,-0.10411,-0.088107,-0.042734
-0.043152,-0.047975,-0.05149,NaN,NaN,NaN,NaN,NaN,NaN,NaN,-0.10121,-0.08871,-0.047168,0.010891,0.060751,0.083312,0.091905,0.093515,0.083732,0.056484,0.024793,-0.0062172,-0.035135,-0.069753,-0.10686,-0.13677,-0.14014,-0.12045,-0.11325,-0.11075,-0.096105,-0.055742
-0.032903,-0.035023,NaN,NaN,NaN,NaN,NaN,NaN,NaN,NaN,NaN,NaN,-0.040143,0.0034298,0.056921,0.084223,0.098157,0.10065,0.090566,0.063017,0.034171,0.0049707,-0.027801,-0.061698,-0.10155,-0.1348,-0.14912,-0.1399,-0.12933,-0.11793,-0.097102,-0.061089
-0.021075,NaN,NaN,NaN,NaN,NaN,NaN,NaN,NaN,NaN,NaN,NaN,-0.02868,-0.0030806,0.049447,0.082769,0.095518,0.099275,0.089941,0.068233,0.040781,0.015986,-0.018203,-0.057267,-0.10176,-0.13606,-0.15734,-0.16251,-0.14913,-0.128,-0.099109,-0.064909
NaN,NaN,NaN,NaN,NaN,NaN,NaN,NaN,NaN,NaN,NaN,NaN,NaN,-0.0022984,0.04157,0.074518,0.091568,0.097254,0.096367,0.080762,0.057198,0.033903,-0.011049,-0.05428,-0.1033,-0.13467,-0.16098,-0.17279,-0.16787,-0.14221,-0.10744,-0.072646
NaN,NaN,NaN,NaN,NaN,NaN,NaN,NaN,NaN,NaN,NaN,NaN,NaN,NaN,0.032384,0.065908,0.089562,0.097309,0.10043,0.085425,0.063168,0.047249,0.0066069,-0.052235,-0.098379,-0.1325,-0.15612,-0.17452,-0.18218,-0.15766,-0.12102,-0.086838
NaN,NaN,NaN,NaN,NaN,NaN,NaN,NaN,NaN,NaN,NaN,NaN,NaN,0.017671,0.034622,0.065308,0.090195,0.10317,0.10635,0.093242,0.073766,0.053827,0.01316,-0.042198,-0.087607,-0.12576,-0.15105,-0.17494,-0.19135,-0.177,-0.13796,-0.096894
NaN,NaN,NaN,NaN,NaN,NaN,NaN,NaN,NaN,NaN,NaN,NaN,NaN,0.031144,0.037374,0.058056,0.084378,0.10426,0.1091,0.096391,0.075923,0.062248,0.030628,-0.018032,-0.067348,-0.10759,-0.13976,-0.16656,-0.18892,-0.18708,-0.14747,-0.098359
NaN,NaN,NaN,NaN,NaN,NaN,NaN,NaN,NaN,NaN,NaN,NaN,NaN,0.028581,0.032932,0.051909,0.080507,0.10547,0.1154,0.10574,0.086098,0.069353,0.038116,-0.00053754,-0.050101,-0.090097,-0.12344,-0.15527,-0.18012,-0.18638,-0.15427,-0.10246
