NaN,NaN,NaN,NaN,NaN,NaN,NaN,NaN,NaN,NaN,NaN,NaN,NaN,0.039145,0.063176,0.10195,0.13625,0.11362,0.054971,0.025051,0.013864,-0.0081606,-0.014443,-0.0042249,0.02167,0.041567,0.065218,0.093867,0.11542,0.12282,0.10737,0.10473
NaN,NaN,NaN,NaN,NaN,NaN,NaN,NaN,NaN,NaN,NaN,NaN,NaN,0.031766,0.05047,0.096011,0.14006,0.11857,0.069059,0.056709,0.052406,0.015278,-0.003605,-0.0082629,0.0077286,0.029389,0.066728,0.096567,0.11449,0.13283,0.12881,0.11836
NaN,NaN,NaN,NaN,NaN,NaN,NaN,NaN,NaN,NaN,NaN,NaN,NaN,0.031318,0.043154,0.092825,0.14359,0.12901,0.091494,0.097303,0.0995,0.044371,0.0080434,0.0058051,0.016632,0.034395,0.058164,0.091454,0.10987,0.12439,0.13525,0.12705
NaN,NaN,NaN,NaN,NaN,NaN,NaN,NaN,NaN,NaN,NaN,NaN,NaN,0.029641,0.047504,0.094812,0.14819,0.14221,0.10946,0.12,0.13514,0.092672,0.044083,0.040272,0.045394,0.045801,0.055991,0.085783,0.10523,0.11541,0.13041,0.13841
NaN,NaN,NaN,NaN,NaN,NaN,NaN,NaN,NaN,NaN,NaN,NaN,NaN,NaN,0.045171,0.086275,0.13781,0.13453,0.10989,0.11949,0.1577,0.1419,0.11793,0.10294,0.090524,0.066825,0.053099,0.067133,0.10004,0.118,0.13142,0.14378
NaN,NaN,NaN,NaN,NaN,NaN,NaN,NaN,NaN,NaN,NaN,NaN,NaN,NaN,0.044637,0.081113,NaN,0.10918,0.089848,0.10698,0.15324,0.19065,0.18647,0.17342,0.1385,0.0956,0.056958,0.038265,0.076979,0.11427,0.12822,0.14633
NaN,NaN,NaN,NaN,NaN,NaN,NaN,NaN,NaN,NaN,NaN,NaN,NaN,NaN,NaN,NaN,NaN,NaN,0.057039,0.077431,0.11375,0.16702,0.17955,0.17322,0.13753,0.081729,0.059084,0.058584,0.097184,0.11765,0.11816,0.13185
NaN,NaN,NaN,NaN,NaN,NaN,NaN,NaN,NaN,NaN,NaN,NaN,NaN,NaN,NaN,NaN,NaN,NaN,NaN,NaN,0.04836,0.11313,0.11548,NaN,NaN,NaN,NaN,0.071276,0.096164,0.078821,0.099848,0.12023
NaN,NaN,NaN,NaN,NaN,NaN,NaN,NaN,NaN,NaN,NaN,NaN,NaN,NaN,NaN,NaN,NaN,NaN,NaN,NaN,NaN,NaN,NaN,NaN,NaN,NaN,NaN,NaN,NaN,NaN,0.082841,0.11635
NaN,NaN,NaN,NaN,NaN,NaN,NaN,NaN,NaN,NaN,NaN,NaN,NaN,NaN,NaN,NaN,NaN,NaN,NaN,NaN,NaN,NaN,NaN,NaN,NaN,NaN,NaN,NaN,NaN,NaN,NaN,0.10033
NaN,NaN,NaN,NaN,NaN,NaN,NaN,NaN,NaN,NaN,NaN,NaN,NaN,NaN,NaN,NaN,NaN,NaN,NaN,NaN,NaN,NaN,NaN,NaN,NaN,NaN,NaN,NaN,NaN,NaN,NaN,NaN
NaN,NaN,NaN,NaN,NaN,NaN,NaN,NaN,NaN,NaN,NaN,NaN,NaN,NaN,NaN,NaN,NaN,NaN,NaN,NaN,NaN,NaN,NaN,NaN,NaN,NaN,NaN,NaN,NaN,NaN,NaN,NaN
NaN,NaN,NaN,NaN,NaN,NaN,NaN,NaN,NaN,NaN,NaN,NaN,NaN,NaN,NaN,NaN,NaN,NaN,NaN,NaN,NaN,NaN,NaN,NaN,NaN,NaN,NaN,NaN,NaN,NaN,NaN,NaN
NaN,NaN,NaN,NaN,NaN,NaN,NaN,NaN,NaN,NaN,NaN,NaN,NaN,NaN,NaN,NaN,NaN,NaN,NaN,NaN,NaN,NaN,NaN,NaN,NaN,NaN,NaN,NaN,NaN,NaN,NaN,NaN
NaN,NaN,NaN,NaN,NaN,NaN,NaN,NaN,NaN,NaN,NaN,NaN,NaN,NaN,NaN,NaN,NaN,NaN,NaN,NaN,NaN,NaN,NaN,NaN,NaN,NaN,NaN,NaN,NaN,NaN,NaN,NaN
NaN,NaN,NaN,NaN,NaN,NaN,NaN,NaN,NaN,NaN,NaN,NaN,NaN,NaN,NaN,NaN,NaN,NaN,NaN,NaN,NaN,NaN,NaN,NaN,NaN,NaN,NaN,NaN,NaN,NaN,NaN,NaN
NaN,NaN,NaN,NaN,NaN,NaN,NaN,NaN,NaN,NaN,NaN,NaN,NaN,NaN,NaN,NaN,NaN,NaN,NaN,NaN,NaN,NaN,NaN,NaN,NaN,NaN,NaN,NaN,NaN,NaN,NaN,NaN
NaN,NaN,NaN,NaN,NaN,NaN,NaN,NaN,NaN,NaN,NaN,NaN,NaN,NaN,NaN,NaN,0.049008,NaN,NaN,NaN,NaN,NaN,NaN,NaN,NaN,NaN,NaN,NaN,NaN,NaN,NaN,0.071194
NaN,NaN,NaN,NaN,NaN,NaN,NaN,NaN,NaN,NaN,NaN,NaN,NaN,NaN,NaN,NaN,0.052439,NaN,NaN,NaN,NaN,NaN,NaN,NaN,NaN,NaN,NaN,NaN,NaN,0.017029,0.058214,0.090889
NaN,NaN,-0.0097277,-0.026567,NaN,NaN,NaN,NaN,NaN,NaN,NaN,NaN,NaN,NaN,NaN,NaN,NaN,NaN,NaN,NaN,NaN,NaN,NaN,NaN,NaN,NaN,0.080665,0.092694,0.075816,0.06578,0.076606,0.087751
NaN,NaN,NaN,-0.021118,0.023527,0.070709,NaN,NaN,NaN,NaN,NaN,NaN,NaN,NaN,NaN,NaN,NaN,NaN,NaN,NaN,NaN,NaN,NaN,NaN,NaN,0.055716,0.095441,0.10307,0.089302,0.079006,0.060348,0.054767
NaN,NaN,NaN,NaN,NaN,0.078872,0.10847,0.13553,NaN,NaN,NaN,NaN,NaN,NaN,NaN,NaN,NaN,NaN,0.067904,0.077586,NaN,NaN,NaN,NaN,NaN,0.08725,0.11259,0.1085,0.099855,0.080551,0.051967,0.031007
NaN,NaN,NaN,NaN,NaN,NaN,0.13588,0.15739,NaN,NaN,NaN,NaN,NaN,NaN,NaN,NaN,NaN,0.093415,0.092428,0.089345,0.089591,0.087944,0.075929,0.086191,0.094557,0.10011,0.1047,0.10845,0.10919,0.088884,0.057932,0.019899
NaN,NaN,NaN,NaN,NaN,NaN,NaN,NaN,NaN,NaN,NaN,NaN,NaN,NaN,NaN,NaN,0.13547,0.12436,0.11304,0.1067,0.10086,0.096988,0.085557,0.09168,0.094116,0.09574,0.096912,0.10828,0.11067,0.069927,0.045585,0.020036
NaN,NaN,NaN,NaN,NaN,NaN,NaN,NaN,NaN,0.13579,NaN,NaN,NaN,NaN,NaN,0.12247,0.13098,0.12403,0.11304,0.11116,0.10448,0.093215,0.061337,0.0616,0.079031,NaN,NaN,NaN,NaN,0.014847,0.02782,0.034309
NaN,NaN,NaN,NaN,NaN,NaN,NaN,NaN,NaN,0.15049,NaN,NaN,NaN,NaN,0.09407,0.12068,0.1219,0.11095,0.0989,0.095185,0.099121,0.080938,0.03259,0.014695,NaN,NaN,NaN,NaN,NaN,0.0061731,0.025896,0.042361
0.093184,NaN,NaN,NaN,NaN,NaN,NaN,NaN,0.12145,0.14802,NaN,NaN,NaN,0.078244,0.10401,0.12181,0.1248,0.10243,0.083156,0.081662,0.10012,0.079165,0.029522,NaN,NaN,NaN,0.01614,0.0032921,0.0092762,0.020378,0.035553,0.056136
NaN,0.089055,NaN,NaN,NaN,NaN,NaN,NaN,0.14917,0.17913,NaN,0.072438,0.10254,0.11748,0.12271,0.11518,0.11129,0.096319,0.089672,0.10754,0.11862,0.093926,0.031783,0.023498,0.050214,0.048435,0.02446,0.013822,0.024069,0.040653,0.05292,0.066495
NaN,NaN,0.10467,NaN,NaN,NaN,NaN,NaN,0.16525,0.16882,0.12338,0.13088,0.13489,0.12768,0.10876,0.084434,0.075421,0.077339,0.10836,0.129,0.13308,0.098147,0.05405,0.038843,0.050498,0.039112,0.014908,0.0086903,0.023129,0.047712,0.071801,0.069676
NaN,NaN,0.11565,NaN,NaN,NaN,NaN,0.16114,0.17847,0.16826,0.15408,0.14414,0.12278,0.10994,0.089539,0.071573,0.058811,0.072506,0.10899,0.13577,0.12747,0.093486,0.062103,0.041593,0.04194,0.029826,0.0085476,0.0048283,0.012976,0.04081,0.068835,0.051594
NaN,NaN,0.058128,NaN,NaN,NaN,0.016323,0.11514,0.16861,0.14242,0.11107,0.10122,0.096562,0.088532,0.074806,0.06435,0.064046,0.080028,0.11419,0.13236,0.11387,0.089791,0.068223,0.042788,0.023447,0.0047379,-0.0066033,0.0014788,0.016246,0.053771,0.082749,0.059723
NaN,NaN,NaN,0.11442,NaN,-0.022575,0.035274,0.12867,0.17191,0.13687,0.095966,0.071526,0.071626,0.063336,0.058972,0.055322,0.058262,0.075243,0.10673,0.11843,0.10419,0.082975,0.057133,0.028154,0.0072472,-0.012878,-0.014799,0.0011499,0.01783,0.066286,0.093495,0.066284
NaN,NaN,NaN,0.13815,0.1055,0.072466,0.10289,0.14039,0.15761,0.12608,0.08771,0.061121,0.050693,0.046371,0.052448,0.053536,0.054174,0.068602,0.08766,0.090945,0.083308,0.058304,0.041468,0.017594,0.0032789,-0.013044,-0.016065,-0.00089524,0.028593,0.064827,0.086221,0.071055
NaN,NaN,NaN,0.13999,0.15603,0.14649,0.13502,0.12931,0.12787,0.099892,0.073854,0.050193,0.045256,0.038104,0.050247,0.049816,0.051273,0.061296,0.067286,0.065153,0.068556,0.039558,0.023445,0.0073363,-0.0004244,-0.017635,-0.02612,-0.005132,0.032077,0.058295,0.071246,0.075133
NaN,NaN,NaN,0.12006,0.15331,0.15394,0.1392,0.12306,0.114,0.079937,0.058967,0.043057,0.03779,0.038091,0.059245,0.05674,0.052333,0.057802,0.056772,0.048329,0.048696,0.027667,0.0077865,-0.0071772,-0.0070425,-0.016865,-0.028227,-0.0047064,0.03722,0.050522,0.059633,0.072984
NaN,NaN,NaN,0.10022,0.12608,0.12852,0.12509,0.11249,0.097619,0.061154,0.048764,0.039315,0.03133,0.03795,0.066057,0.068195,0.056461,0.051993,0.044016,0.032642,0.025324,0.011789,-0.0092782,-0.011419,-0.0041789,-0.012108,-0.026998,-0.0045939,0.028468,0.039401,0.047108,0.067954
NaN,NaN,NaN,0.08877,0.10226,0.10936,0.10629,0.09974,0.086766,0.060172,0.047541,0.033284,0.028991,0.035108,0.058544,0.066858,0.058445,0.045703,0.029819,0.017033,0.0066043,-0.0067834,-0.014451,-0.0047045,-0.0041704,-0.0077745,-0.028543,-0.011181,0.015347,0.028013,0.038277,0.055337
NaN,NaN,NaN,NaN,0.068273,0.08142,0.094138,0.093569,0.090339,0.069585,0.058113,0.0461,0.0299,0.036329,0.052788,0.059866,0.051433,0.034035,0.014568,0.0091738,0.0022629,-0.015577,-0.016242,0.00064942,0.0076665,-0.0051202,-0.024899,-0.017475,0.0052659,0.014865,0.020024,0.03736
NaN,NaN,NaN,NaN,NaN,0.071507,0.083354,0.081594,0.087145,0.079577,0.073836,0.048933,0.038539,0.046059,0.056292,0.047752,0.03831,0.021879,0.005475,-0.00021598,-0.00089968,-0.012083,-0.0098859,0.00022328,0.0088635,-0.0073351,-0.031033,-0.027385,-0.0056806,-0.00034674,0.0056788,0.025741
NaN,NaN,NaN,NaN,NaN,NaN,NaN,0.045762,0.061532,0.070972,0.07445,0.062464,0.051697,0.058569,0.070735,0.05334,0.037371,0.016271,0.0053539,0.0026736,0.0055296,0.0027313,-0.0062004,-0.0026986,0.0031339,-0.020035,-0.042721,-0.027675,-0.0041213,-0.010424,-0.0055748,0.021206
NaN,NaN,NaN,NaN,NaN,NaN,NaN,NaN,NaN,0.049458,0.061079,0.0728,0.078433,0.078555,0.082784,0.05729,0.034839,0.015723,0.0077225,0.0074974,0.0070918,0.0053091,-0.0050238,-0.0077725,-0.0074426,-0.034765,-0.05676,-0.049965,-0.023823,-0.023947,-0.011956,0.016403
NaN,NaN,NaN,NaN,NaN,NaN,NaN,NaN,NaN,NaN,NaN,0.082091,0.10602,0.091878,0.081258,0.052395,0.019161,0.0049845,0.0040124,0.009777,0.00912,0.009472,-0.0049019,-0.013346,-0.018001,-0.039365,-0.063327,-0.062758,-0.037708,-0.018228,0.006303,0.030651
NaN,NaN,NaN,NaN,NaN,NaN,NaN,NaN,NaN,NaN,NaN,0.11907,0.12613,0.098986,0.081121,0.056263,0.022934,0.0084546,0.008123,0.0094603,0.0060693,0.010774,-0.001603,-0.010099,-0.020451,-0.036033,-0.058817,-0.067351,-0.046212,-0.0066641,0.034416,0.053709
NaN,NaN,NaN,NaN,NaN,NaN,NaN,NaN,0.062392,0.065168,0.065053,NaN,NaN,0.076378,0.079791,0.05781,0.024497,0.011803,0.012913,0.011876,0.011046,0.014759,0.012542,-0.0079225,-0.018342,-0.038552,-0.055326,-0.063878,-0.045722,-0.0041488,0.033296,0.047777
NaN,NaN,NaN,NaN,NaN,NaN,NaN,0.10031,0.096967,0.091463,0.078849,0.06736,0.079248,0.076145,0.077792,0.058601,0.036174,0.026409,0.032182,0.02416,0.025961,0.023138,0.020663,0.0028399,-0.0096675,-0.023833,-0.037385,-0.046799,-0.032046,-0.0043685,0.01293,0.029187
NaN,NaN,NaN,NaN,NaN,NaN,0.11148,0.11787,0.10237,0.089616,0.086498,0.080357,0.089444,0.072145,0.06607,0.046559,0.04103,0.04053,0.050517,0.047883,0.047295,0.033661,0.027418,0.012723,0.00088234,-0.011582,-0.027495,-0.030949,-0.011327,-0.0053462,-0.0051814,0.016259
NaN,NaN,NaN,NaN,NaN,0.093769,0.12592,0.12792,0.094822,0.080858,0.091509,0.093127,0.09445,0.067062,0.05063,0.039405,0.042903,0.046923,0.063916,0.073421,0.077405,0.040759,0.02151,0.012556,0.005219,-0.0046175,-0.017852,-0.017706,0.0019029,0.0043739,-0.0021747,0.023295
NaN,NaN,NaN,NaN,NaN,0.096055,0.13135,0.12231,0.089516,0.074969,0.089338,0.086809,0.092649,0.064962,0.054841,0.046847,0.042473,0.042247,0.060379,0.082648,0.09385,0.047929,0.025061,0.010666,0.0030551,-0.0011014,-0.010636,-0.0035649,0.0075327,0.0051995,0.0087115,0.035397
NaN,NaN,NaN,NaN,0.065439,0.10128,0.12605,0.11229,0.086489,0.073005,0.088593,0.083456,0.08169,0.057341,0.057712,0.050295,0.052321,0.045626,0.058841,0.076272,0.092314,0.060106,0.033648,0.020922,0.0041191,0.00012328,-0.010552,-0.0078244,-0.0022045,-0.002393,0.01293,0.046163
NaN,NaN,NaN,NaN,NaN,0.091827,0.10831,0.091563,0.077713,0.072383,0.080875,0.077363,0.073853,0.048539,0.048689,0.046713,0.05066,0.054036,0.070554,0.086512,0.090377,0.066295,0.050779,0.042619,0.018755,0.0080479,-0.0019638,-0.0073763,-0.0046214,0.0041242,0.025801,0.058243
NaN,NaN,NaN,NaN,NaN,NaN,0.078762,0.068872,0.066311,0.06436,0.072765,0.069711,0.062434,0.034383,0.03457,0.036546,0.051671,0.065976,0.087374,0.099103,0.093063,0.068113,0.065742,0.064757,0.043374,0.026732,0.015599,0.0078491,0.012875,0.022634,0.041223,0.05737
NaN,NaN,NaN,NaN,NaN,NaN,NaN,NaN,0.057447,0.056193,0.060299,0.058913,0.058864,0.034638,0.029925,0.041741,0.054101,0.073028,0.10213,0.11341,0.10457,0.074946,0.068787,0.071192,0.057336,0.041143,0.028227,0.025937,0.028546,0.025073,0.03506,0.044141
NaN,NaN,NaN,NaN,NaN,NaN,NaN,NaN,0.079046,0.064639,0.051905,0.05581,0.064262,NaN,0.057679,0.06222,0.066039,0.084598,0.12098,0.13194,0.12585,0.09378,0.0723,0.079004,0.065306,0.043981,0.021654,0.020298,0.032463,0.023032,0.020742,0.028602
NaN,NaN,NaN,NaN,NaN,NaN,NaN,NaN,NaN,NaN,0.073873,NaN,0.068062,0.084397,NaN,NaN,0.059775,0.069659,0.11229,0.13186,0.13217,0.11331,0.095876,0.090814,0.066771,0.03912,0.014584,0.0097957,0.032619,0.025209,0.020742,0.023295
NaN,NaN,NaN,NaN,NaN,NaN,NaN,NaN,NaN,0.094613,0.102,0.10249,NaN,NaN,0.13263,NaN,NaN,0.071091,0.12082,0.1356,0.14579,0.14497,0.13291,0.10472,0.067096,0.035319,0.016495,0.014107,0.029693,0.034884,0.028604,0.043262
NaN,NaN,NaN,NaN,NaN,NaN,NaN,NaN,NaN,NaN,0.13399,0.13921,0.14214,NaN,NaN,NaN,NaN,NaN,0.14319,0.15349,0.15613,0.1512,0.13993,0.10827,0.066116,0.035333,0.022782,0.016992,0.02916,0.034724,0.043219,0.066902
NaN,NaN,NaN,NaN,NaN,NaN,NaN,NaN,NaN,NaN,NaN,0.14639,0.14917,0.13959,0.14316,0.15612,0.15658,NaN,NaN,0.14585,0.14963,0.13027,0.1113,0.083435,0.065085,0.05473,0.037241,0.025015,0.027212,0.036666,0.047812,0.077174
NaN,NaN,NaN,NaN,NaN,0.057227,0.099422,NaN,NaN,NaN,NaN,0.14359,0.13599,0.12712,0.13197,0.14491,0.15985,0.16622,0.16123,NaN,0.15212,0.12785,0.087361,0.064455,0.060496,0.056053,0.03098,0.0084899,0.011203,0.021955,0.037223,0.068573
NaN,NaN,NaN,NaN,NaN,0.062276,0.097638,0.1049,NaN,NaN,0.12673,0.12642,0.12296,0.11746,0.12241,0.13235,0.15505,0.17223,0.16775,0.14679,0.15294,0.13088,0.083508,0.064006,0.054533,0.037336,0.018422,0.011594,0.01675,0.021597,0.022271,0.044313
NaN,NaN,NaN,NaN,NaN,0.073895,0.10979,0.12405,0.11312,0.11133,0.11627,0.11267,0.1076,0.1025,0.091089,NaN,NaN,0.17445,0.1774,0.1708,0.17488,0.15027,0.093013,0.071167,0.042936,0.010937,-0.0017381,0.0079494,0.012289,0.0068904,0.0017216,0.040294
NaN,NaN,NaN,NaN,NaN,0.12125,0.14187,0.15848,0.16232,0.16259,0.146,0.12578,0.11481,0.10366,NaN,NaN,NaN,NaN,0.17883,0.17271,0.19718,0.16548,0.12391,0.10022,0.072803,0.023563,0.00031947,0.0075086,0.010174,-0.012577,-0.024543,0.02692
NaN,NaN,NaN,NaN,0.15675,0.18586,0.19775,0.19031,0.18038,0.16913,0.15253,0.13301,0.12137,0.10212,NaN,NaN,NaN,NaN,0.16601,0.17749,0.18564,0.17178,0.12741,0.12134,0.10268,0.061302,0.027929,0.0075875,NaN,NaN,NaN,0.017824
NaN,NaN,NaN,NaN,0.19573,0.24644,0.23553,0.19442,0.16302,0.15056,0.1368,0.11458,0.11835,NaN,NaN,NaN,NaN,NaN,0.13958,0.16893,0.19335,0.18025,0.14668,0.14542,0.13737,0.10272,0.05606,NaN,NaN,NaN,NaN,NaN
NaN,NaN,NaN,0.21351,0.23854,0.27294,0.25119,0.18865,0.15297,0.14136,0.12587,0.10465,0.087752,NaN,0.048082,NaN,0.065066,0.095895,0.11624,0.15496,0.19521,0.18276,0.16774,0.17835,0.17139,0.13086,0.072026,NaN,NaN,NaN,NaN,NaN
NaN,NaN,0.30085,0.24777,0.24338,0.25142,0.24287,0.19759,0.15726,0.15256,0.12709,0.094682,0.057532,0.029829,0.023632,0.046039,0.063423,NaN,0.10134,0.14518,0.18999,0.16981,0.17244,0.18641,0.17789,0.13308,NaN,NaN,NaN,NaN,NaN,NaN
0.24959,0.21577,0.21299,0.20104,0.21074,0.215,0.20869,0.17382,0.16831,0.17007,0.13083,0.085441,0.039392,0.009216,0.0044896,0.031983,0.050101,NaN,0.1042,0.1306,0.15649,0.14855,0.15893,0.17463,0.1494,0.11725,NaN,NaN,NaN,NaN,NaN,NaN
0.27257,0.2198,0.19873,0.19587,0.2002,0.19027,0.17994,0.16008,0.15607,0.14537,0.10362,0.074091,0.042329,0.016249,0.02033,0.047009,0.072159,0.11014,0.11831,0.118,0.12665,0.13599,0.14073,0.1522,0.11927,NaN,NaN,NaN,NaN,NaN,NaN,NaN
0.23337,0.19893,0.20211,0.21161,0.20103,0.17978,0.16981,0.15077,0.12257,0.094847,0.058175,NaN,NaN,0.043313,0.068177,0.092724,0.10851,0.13749,0.14383,0.13842,0.12224,0.13503,0.13866,0.13458,NaN,NaN,NaN,NaN,NaN,NaN,NaN,NaN
0.1876,0.18393,0.21772,0.22608,0.20124,0.17525,0.1692,0.13901,0.1048,0.083409,0.041724,0.035039,0.048011,0.06647,0.085443,0.11156,0.12985,0.14805,0.15277,0.15197,0.13503,0.14543,0.14534,0.14174,NaN,NaN,NaN,NaN,NaN,NaN,NaN,NaN
0.12164,0.15136,0.20903,0.20252,0.16489,0.15246,0.14411,0.12154,0.096016,0.080384,0.071828,0.057579,0.051497,0.063538,0.07684,0.088959,0.12381,0.15238,0.16414,0.16067,0.14822,0.14612,0.14557,0.14011,NaN,NaN,NaN,NaN,NaN,NaN,NaN,NaN
0.14493,0.181,0.21668,0.19135,0.16088,0.14621,0.13622,0.11924,0.10119,0.093142,0.079927,0.05641,0.052051,0.056124,0.066142,0.066051,0.11002,0.16078,0.19398,0.17223,0.14405,0.12579,NaN,NaN,NaN,NaN,NaN,NaN,NaN,NaN,NaN,NaN
0.1965,0.20712,0.21416,0.18696,0.162,0.1545,0.14403,0.12769,0.099808,0.076814,0.065921,0.059409,0.073577,0.07464,0.064086,0.05015,NaN,NaN,0.20991,0.19411,0.16106,0.12609,NaN,NaN,NaN,NaN,NaN,NaN,NaN,NaN,NaN,NaN
0.20855,0.20931,0.20694,0.19274,0.18188,0.17516,0.15865,0.12965,0.098277,0.06983,0.062214,0.077354,0.1032,0.092203,0.062159,0.02243,0.021525,0.10341,0.21101,0.21751,0.18819,0.14369,NaN,NaN,NaN,NaN,NaN,NaN,NaN,NaN,NaN,NaN
0.23213,0.22513,0.22105,0.20776,0.19372,0.18251,0.16155,0.12419,0.092314,0.061609,0.074567,0.1024,0.1246,0.098414,0.046211,-0.0057471,-0.012364,NaN,NaN,0.22296,0.19997,0.1683,0.16584,0.15387,NaN,NaN,NaN,NaN,NaN,NaN,NaN,NaN
0.23656,0.22952,0.23299,0.22291,0.20236,0.17408,0.14362,0.10922,0.081339,0.069991,0.084578,0.10928,0.11538,0.08521,0.031056,-0.01902,-0.028429,NaN,NaN,NaN,0.19044,0.16654,0.14188,0.12285,0.14284,NaN,NaN,NaN,NaN,NaN,NaN,NaN
0.21204,0.2196,0.23891,0.2403,0.2238,0.17761,0.13921,0.1059,0.07338,0.060167,0.072241,0.070971,0.068,0.050786,0.016615,-0.021455,-0.022061,NaN,NaN,NaN,0.1794,0.16502,0.13707,0.12828,0.14363,NaN,NaN,NaN,NaN,NaN,NaN,NaN
0.2102,0.20879,0.2387,0.25378,0.24,0.18585,0.14137,0.10722,0.080279,0.053545,0.036255,0.021644,0.024261,0.028082,0.014427,-0.013793,-0.021797,0.0042692,NaN,NaN,NaN,0.16945,NaN,NaN,NaN,NaN,NaN,NaN,NaN,NaN,NaN,NaN
0.21512,0.22912,0.24206,0.23686,0.21876,0.18041,0.13865,0.10225,0.07176,0.03657,0.0071338,-0.014421,-0.0067435,-0.0023921,-0.011312,-0.032052,-0.033289,0.0025436,NaN,NaN,0.16844,0.15923,0.11214,0.082157,NaN,NaN,NaN,NaN,NaN,NaN,NaN,NaN
0.19244,0.23449,0.24902,0.22547,0.20463,0.17253,0.13569,0.10028,0.061965,0.021555,-0.012018,-0.026764,-0.014878,-0.022956,-0.042839,-0.052663,-0.036647,0.010207,0.022114,NaN,0.1598,0.15553,0.14187,0.10429,0.063817,0.037726,NaN,NaN,NaN,NaN,NaN,NaN
0.18416,0.2373,0.25673,0.22633,0.19911,0.17564,0.13794,0.095839,0.0529,0.0014067,-0.023087,-0.0248,-0.015769,-0.027033,-0.054455,-0.070312,-0.038638,0.020786,0.041149,0.055469,NaN,0.17214,0.16933,0.15149,0.12397,0.082891,NaN,NaN,NaN,NaN,NaN,NaN
0.19409,0.23548,0.26155,0.2342,0.2049,0.17529,0.13227,0.092357,0.044278,-0.00065697,-0.022248,-0.016758,-0.016331,-0.027334,-0.055562,-0.066408,-0.031866,0.012898,0.043135,0.064272,0.12583,0.17303,0.17893,0.17383,0.1708,0.14795,0.097046,0.10026,NaN,NaN,NaN,NaN
0.20982,0.23937,0.26338,0.2482,0.21393,0.17596,0.12788,0.081643,0.044979,-0.00052954,-0.018352,-0.0071177,-0.0096821,-0.023714,-0.048443,-0.05666,-0.02998,0.0076458,0.025972,0.053106,0.10464,0.15037,0.14957,0.14592,0.16986,0.1744,0.12728,0.080235,0.065241,NaN,NaN,NaN
0.22853,0.25037,0.25972,0.24956,0.21943,0.17324,0.12036,0.071121,0.027816,-0.0083989,-0.013617,0.0015058,0.001763,-0.017407,-0.039668,-0.047792,-0.031145,-0.0028198,0.015427,0.041921,0.079039,0.10385,0.10613,0.10391,0.1314,0.15511,0.13987,0.11167,0.089322,0.078191,0.075018,0.083547
0.23676,0.24974,0.25075,0.23724,0.21145,0.16429,0.10822,0.054247,0.0064272,-0.026668,-0.026921,-0.012338,0.00082291,-0.019434,-0.044025,-0.059506,-0.055571,-0.025712,-0.0043596,0.018877,0.042493,0.061653,0.066841,0.065273,0.092809,0.11944,0.12702,0.11544,0.10014,0.096691,0.096089,0.10535
0.2325,0.24767,0.24903,0.23667,0.2074,0.15951,0.10285,0.043982,0.0018023,-0.032407,-0.041234,-0.028598,-0.026094,-0.045606,-0.06855,-0.10084,-0.10009,-0.062868,-0.024935,-0.0039517,0.023089,0.046142,0.047787,0.051647,0.07519,0.099133,0.11566,0.12747,0.11706,0.11094,0.10712,0.11417
0.22034,0.23325,0.24413,0.23335,0.2005,0.1526,0.096535,0.046837,0.0082355,-0.025881,-0.032159,-0.044474,-0.056741,-0.080293,-0.093542,-0.12151,-0.11427,-0.052785,-0.013777,-0.0057712,0.021678,0.052447,0.049371,0.054446,0.076485,0.093325,0.097365,0.12049,0.13855,0.13875,0.12811,0.13963
0.20307,0.21781,0.23587,0.21879,0.17908,0.13761,0.088844,0.037537,0.0034649,-0.024519,-0.034417,-0.04262,-0.086554,-0.11857,-0.13169,-0.14812,-0.11679,-0.045318,-0.0079558,-0.0071299,0.0070882,0.042717,0.049702,0.063545,0.093454,0.10713,0.11091,0.12891,0.14731,0.13413,0.1224,0.13476
0.2014,0.21377,0.22696,0.19805,0.15858,0.12174,0.071316,0.020301,-0.00988,-0.029998,-0.039168,-0.043866,-0.096062,-0.14885,-0.16222,-0.1668,-0.12387,-0.053114,-0.014901,-0.014468,0.00036012,0.038683,0.064272,0.086828,0.12696,0.14981,0.1546,0.17168,0.18208,0.1686,0.15044,0.14981
0.22792,0.24057,0.23422,0.19101,0.15113,0.10832,0.047049,0.00032107,-0.023724,-0.043448,-0.061022,-0.062299,-0.09956,-0.14687,-0.17302,-0.18245,-0.12864,-0.059984,-0.030573,-0.027623,0.0023572,0.036787,0.071949,0.11077,0.15148,0.18282,0.18358,0.1861,0.18623,0.17007,0.15547,0.13675
0.24664,0.25942,0.2392,0.19631,0.15969,0.1069,0.033278,-0.019086,-0.038153,-0.059876,-0.080434,-0.080804,-0.10087,-0.1245,-0.16556,-0.18494,-0.13355,-0.061172,-0.035552,-0.03165,0.0053402,0.029896,0.064948,0.11113,0.15107,0.18026,0.18885,0.19422,0.18792,0.17439,0.1648,0.142
0.22469,0.25715,0.2334,0.19932,0.17069,0.10305,0.017976,-0.038647,-0.062278,-0.083109,-0.10144,-0.087025,-0.095678,-0.11802,-0.17061,-0.19088,-0.14015,-0.060329,-0.034547,-0.038727,-0.01084,0.010211,0.04163,0.084408,0.13784,0.17869,0.19048,0.19935,0.19216,0.18466,0.17339,0.14235
0.22981,0.26388,0.23653,0.2021,0.16899,0.098237,0.0029891,-0.062128,-0.086086,-0.099122,-0.096524,-0.078676,-0.084494,-0.11221,-0.16456,-0.18141,-0.14036,-0.064617,-0.040251,-0.044306,-0.021279,-0.0025543,0.026545,0.066314,0.11756,0.16776,0.18728,0.18858,0.18919,0.17724,0.17202,0.13339
0.21989,0.25359,0.23627,0.20811,0.16593,0.085339,-0.0077216,-0.068814,-0.089038,-0.1032,-0.098207,-0.073801,-0.085967,-0.10965,-0.14591,-0.15687,-0.12439,-0.058971,-0.041167,-0.041453,-0.01943,-0.0077237,0.0056002,0.041699,0.099059,0.15754,0.17796,0.19332,0.20004,0.20341,0.192,0.16182
0.23049,0.2583,0.23288,0.2024,0.1548,0.07942,-0.00442,-0.061942,-0.091902,-0.11439,-0.11036,-0.079837,-0.083248,-0.10496,-0.13645,-0.1395,-0.1127,-0.058568,-0.039983,-0.036448,-0.020989,-0.016478,-0.015193,0.023939,0.092113,0.14878,0.17825,0.19601,0.21701,0.21736,0.20002,0.16512
0.22945,0.24996,0.22881,0.19108,0.12513,0.051195,-0.0059838,-0.048985,-0.087226,-0.11772,-0.12082,-0.10232,-0.10417,-0.11876,-0.15072,-0.14387,-0.10875,-0.059047,-0.043761,-0.042828,-0.029131,-0.027952,-0.019296,0.01597,0.073207,0.12735,0.1543,0.17762,0.20317,0.21444,0.18514,0.15122
0.22223,0.24304,0.22566,0.17557,0.097494,0.019034,-0.027683,-0.051567,-0.086975,-0.12259,-0.1272,-0.12955,-0.13539,-0.14127,-0.16136,-0.14484,-0.10528,-0.070021,-0.072281,-0.065591,-0.051169,-0.037821,-0.026816,-0.0030052,0.039852,0.090777,0.13301,0.16301,0.19679,0.20273,0.17235,0.14719
0.22004,0.23728,0.21757,0.15592,0.075055,0.0019294,-0.037298,-0.056539,-0.091954,-0.11725,-0.12105,-0.13192,-0.14128,-0.14611,-0.1598,-0.14381,-0.11339,-0.091161,-0.089712,-0.083317,-0.065129,-0.051846,-0.035299,-0.015134,0.01068,0.06123,0.11311,0.15223,0.1914,0.21022,0.186,0.15889
0.22182,0.21846,0.18597,0.13028,0.058919,-0.004865,-0.04068,-0.06208,-0.088234,-0.10253,-0.10979,-0.11932,-0.13991,-0.14539,-0.15336,-0.15065,-0.12859,-0.10782,-0.096966,-0.095768,-0.06877,-0.054618,-0.029483,-0.012505,0.0088335,0.053888,0.10283,0.14172,0.1916,0.21588,0.19728,0.16187
0.20859,0.19363,0.15968,0.1034,0.046797,-0.0080688,-0.044429,-0.072975,-0.087307,-0.083001,-0.083648,-0.11266,-0.14766,-0.15328,-0.15776,-0.15744,-0.12928,-0.10394,-0.096789,-0.094742,-0.066401,-0.049121,-0.021649,0.0015968,0.016534,0.050997,0.097891,0.12984,0.17239,0.1995,0.18493,0.1591
0.18945,0.17792,0.13983,0.07884,0.033597,-0.011608,-0.053502,-0.08941,-0.092429,-0.081916,-0.086972,-0.11428,-0.15723,-0.1594,-0.15794,-0.1565,-0.11568,-0.080526,-0.076048,-0.082217,-0.059017,-0.03843,-0.019387,0.0025968,0.018132,0.039181,0.072553,0.10907,0.14689,0.17174,0.1668,0.13917
0.18647,0.17656,0.13374,0.064525,0.025144,-0.022761,-0.073321,-0.097811,-0.10099,-0.096292,-0.098155,-0.13433,-0.17237,-0.16867,-0.16119,-0.14155,-0.094468,-0.049605,-0.042073,-0.049943,-0.030074,-0.026614,-0.014757,0.0071432,0.021609,0.041928,0.06755,0.10425,0.13617,0.1556,0.15464,0.12564
0.19657,0.17105,0.1089,0.043068,0.0037132,-0.034547,-0.078027,-0.10845,-0.11881,-0.11347,-0.11925,-0.13363,-0.16735,-0.15955,-0.15399,-0.13607,-0.093396,-0.046998,-0.034141,-0.039112,-0.02193,-0.013946,-0.0007236,0.0097891,0.016472,0.03822,0.055118,0.082496,0.11949,0.14101,0.14899,0.12645
0.18262,0.15467,0.089435,0.029139,-0.014182,-0.048965,-0.081721,-0.1063,-0.12758,-0.13878,-0.13696,-0.12407,-0.14846,-0.14598,-0.14564,-0.14002,-0.10817,-0.060183,-0.033584,-0.02575,-0.0064293,-0.00086589,0.0015288,0.01188,0.018394,0.032108,0.047486,0.07274,0.11579,0.1278,0.13136,0.10763
0.16487,0.12649,0.076249,0.019986,-0.026658,-0.054447,-0.076908,-0.097991,-0.12893,-0.14406,-0.13141,-0.11414,-0.13656,-0.14036,-0.14898,-0.15547,-0.12745,-0.067737,-0.017967,-0.0049731,0.0098222,0.0079934,0.0056976,0.018557,0.012056,0.020661,0.040599,0.069708,0.11257,0.11842,0.11489,0.1044
0.12956,0.082594,0.044715,0.0023888,-0.040028,-0.06773,-0.081095,-0.095935,-0.12669,-0.14993,-0.12972,-0.11231,-0.13486,-0.13744,-0.15107,-0.16054,-0.12824,-0.057281,-0.0016307,0.00059314,0.0047671,0.0065128,0.0070944,0.022219,0.019985,0.0282,0.051607,0.082293,0.11273,0.10212,0.092121,0.092302
0.096387,0.044068,0.019327,-0.018794,-0.054337,-0.08366,-0.095808,-0.10715,-0.13541,-0.14919,-0.12984,-0.10465,-0.13404,-0.13363,-0.15492,-0.16211,-0.12261,-0.046896,0.0025537,-0.0021013,-0.0048272,0.0034015,-0.0050884,0.012651,0.029391,0.036757,0.053643,0.085305,0.10765,0.091623,0.094527,0.095831
0.067487,0.01354,-0.0052788,-0.040662,-0.075233,-0.096839,-0.11354,-0.12876,-0.14453,-0.14899,-0.1267,-0.11144,-0.13866,-0.13934,-0.15,-0.14853,-0.11075,-0.040822,0.0038098,-0.012767,-0.012851,-0.010061,-0.01069,0.021452,0.042652,0.047213,0.058474,0.076824,0.087987,0.079729,0.09622,0.10333
0.045791,0.00097532,-0.022761,-0.053626,-0.081242,-0.10571,-0.12671,-0.14191,-0.15443,-0.15222,-0.11987,-0.11747,-0.13767,-0.12214,-0.11851,-0.11219,-0.10682,-0.048815,-0.00076681,-0.021232,-0.037752,-0.029516,-0.00094491,0.030171,0.041388,0.041527,0.051376,0.071865,0.086779,0.082916,0.097342,0.091202
0.027017,-0.013464,-0.039763,-0.065811,-0.089871,-0.11756,-0.13351,-0.14921,-0.16242,-0.15429,-0.12153,-0.10762,-0.12482,-0.097748,-0.087898,-0.10293,-0.10958,-0.043613,0.006649,-0.017383,-0.049409,-0.046332,0.003966,0.036866,0.041433,0.046078,0.056213,0.063197,0.067839,0.082044,0.090721,0.080413
0.027529,-0.0071318,-0.040402,-0.075958,-0.11665,-0.14336,-0.15529,-0.16674,-0.1726,-0.16226,-0.12413,-0.10417,-0.11919,-0.093542,-0.08922,-0.10415,-0.10147,-0.03532,0.023134,-0.0036573,-0.051595,-0.04617,0.016568,0.052004,0.064173,0.071775,0.068607,0.047572,0.038837,0.064745,0.077013,0.055807
0.0091607,-0.016069,-0.050761,-0.10229,-0.14875,-0.16803,-0.1698,-0.17265,-0.15876,-0.14994,-0.13085,-0.10834,-0.12295,-0.094799,-0.094601,-0.10889,-0.098544,-0.041192,0.024537,0.0092717,-0.028052,-0.024962,0.028,0.068631,0.085044,0.088732,0.071045,0.034339,0.030179,0.054098,0.06293,0.045171
-0.016945,-0.034524,-0.068542,-0.12783,-0.17839,-0.18791,-0.17632,-0.15524,-0.13835,-0.13869,-0.12676,-0.11823,-0.12281,-0.08821,-0.091252,-0.12312,-0.11688,-0.0589,0.014671,0.0051801,-0.022996,-0.0020031,0.050365,0.075262,0.088105,0.087135,0.058598,0.025743,0.033595,0.047036,0.039094,0.02668
-0.035471,-0.04162,-0.076651,-0.1373,-0.18078,-0.18511,-0.16737,-0.13708,-0.12168,-0.12705,-0.1134,-0.10575,-0.10739,-0.076168,-0.092677,-0.13768,-0.13636,-0.077379,0.0051429,0.0099167,-0.0094345,0.017947,0.067357,0.080142,0.077627,0.071815,0.039819,0.014876,0.033631,0.039247,0.024536,0.022222
-0.0491,-0.053468,-0.088795,-0.14539,-0.17524,-0.17131,-0.15554,-0.12869,-0.11514,-0.11744,-0.088825,-0.081447,-0.087355,-0.063191,-0.090737,-0.14086,-0.13887,-0.074212,0.0149,0.038355,0.026941,0.05836,0.08828,0.088464,0.070662,0.06364,0.037054,0.017649,0.031071,0.034104,0.024469,0.020045
-0.064374,-0.072697,-0.11534,-0.16243,-0.17952,-0.17223,-0.1522,-0.12643,-0.10937,-0.10568,-0.08289,-0.07391,-0.084999,-0.058823,-0.088638,-0.12959,-0.11896,-0.046652,0.057907,0.089391,0.074568,0.088063,0.11295,0.10112,0.073613,0.061641,0.046936,0.033285,0.034419,0.039302,0.028111,0.0077474
-0.075175,-0.094629,-0.13377,-0.17913,-0.19175,-0.1792,-0.15717,-0.13026,-0.096437,-0.083221,-0.069776,-0.079092,-0.091716,-0.059423,-0.073343,-0.09834,-0.077102,-0.0055349,0.096114,0.11439,0.10357,0.099877,0.11968,0.10352,0.076257,0.062025,0.051056,0.041262,0.041123,0.039101,0.011418,-0.010586
-0.079411,-0.10558,-0.15698,-0.19651,-0.20542,-0.18709,-0.15609,-0.12385,-0.084242,-0.064069,-0.041207,-0.064916,-0.07189,-0.033243,-0.041062,-0.061575,-0.047795,0.023413,0.11433,0.11714,0.088118,0.098847,0.11792,0.10235,0.085734,0.07012,0.051624,0.043012,0.038016,0.027088,-0.0012373,-0.041594
-0.084309,-0.12276,-0.16015,-0.1961,-0.20685,-0.18867,-0.15263,-0.12066,-0.090477,-0.064598,-0.026486,-0.039813,-0.049774,-0.0040796,-0.0073384,-0.04304,-0.047981,0.014261,0.10346,0.10427,0.08195,0.096677,0.12713,0.11221,0.092856,0.076586,0.046368,0.038111,0.025147,0.014666,-0.015869,-0.055444
-0.089462,-0.11084,-0.13574,-0.1645,-0.17659,-0.17045,-0.14891,-0.1192,-0.086257,-0.067574,-0.025392,-0.028758,-0.03333,0.019073,0.018451,-0.028724,-0.06173,-0.0071544,0.093363,0.096748,0.092863,0.11907,0.12846,0.10969,0.090836,0.069525,0.031011,0.00089892,-0.018364,-0.031958,-0.053158,-0.073869
-0.088157,-0.09913,-0.10989,-0.12938,-0.15043,-0.15346,-0.14589,-0.12824,-0.1043,-0.087314,-0.03772,-0.019258,-0.015043,0.030416,0.026435,-0.039211,-0.082452,-0.026608,0.07623,0.097462,0.10341,0.12867,0.12897,0.10185,0.082127,0.063968,0.02056,-0.018863,-0.039447,-0.051134,-0.06498,-0.078327
-0.075082,-0.085793,-0.097398,-0.11159,-0.1258,-0.13558,-0.15105,-0.14445,-0.11294,-0.088934,-0.042574,-0.017257,-0.0059615,0.033032,0.014959,-0.049876,-0.079674,-0.024055,0.073322,0.10051,0.12279,0.14554,0.13871,0.10804,0.089147,0.075779,0.030747,-0.025065,-0.057573,-0.067231,-0.070638,-0.080151
-0.067898,-0.084917,-0.10274,-0.11908,-0.13295,-0.14631,-0.16519,-0.15367,-0.11585,-0.08083,-0.041042,-0.024411,-0.014784,0.02883,0.0015573,-0.055593,-0.06826,-0.0012055,0.095702,0.12574,0.14301,0.16441,0.15229,0.12324,0.10348,0.096809,0.050923,-0.015897,-0.058382,-0.070098,-0.079034,-0.10379
-0.038954,-0.048227,-0.079725,-0.099997,-0.11946,-0.13979,-0.15891,-0.15149,-0.11297,-0.083153,-0.043862,-0.026265,-0.015737,0.022629,-0.0098299,-0.051657,-0.046235,0.030122,0.13034,0.15216,0.15837,0.15873,0.1435,0.1187,0.10718,0.10042,0.058504,-0.011074,-0.056501,-0.071538,-0.091871,-0.1222
-0.025751,-0.031953,-0.057694,-0.084582,-0.11012,-0.13123,-0.14638,-0.1358,-0.10764,-0.085407,-0.040908,-0.013374,-0.0026338,0.034816,0.0057746,-0.031881,-0.02073,0.052465,0.15406,0.17608,0.16947,0.16047,0.14782,0.12837,0.1158,0.10478,0.054614,-0.0071133,-0.046528,-0.069137,-0.092556,-0.12768
-0.018877,-0.015014,-0.038815,-0.069852,-0.10032,-0.11952,-0.13245,-0.13158,-0.11025,-0.089761,-0.049213,-0.0047213,0.010125,0.055445,0.042059,0.0084213,0.024903,0.083667,0.17751,0.19629,0.178,0.16486,0.15599,0.13794,0.12647,0.098078,0.051476,-0.0010496,-0.03774,-0.069199,-0.10678,-0.13349
0.0043687,-0.004275,-0.02727,-0.057004,-0.091729,-0.12102,-0.13799,-0.14585,-0.12658,-0.10509,-0.05145,-0.0061862,0.019558,0.079344,0.068012,0.038329,0.047499,0.11082,0.19724,0.20056,0.1818,0.16069,0.16175,0.14568,0.11852,0.094855,0.056451,0.016396,-0.021785,-0.059414,-0.10205,-0.14439
0.022572,0.0037186,-0.01363,-0.044634,-0.080282,-0.10451,-0.12652,-0.13784,-0.1268,-0.10392,-0.0549,-0.0035463,0.03584,0.09874,0.089495,0.053606,0.0612,0.1284,0.21908,0.22156,0.19215,0.16671,0.16381,0.14868,0.11254,0.089169,0.062258,0.026502,-0.017799,-0.070837,-0.11415,-0.14481
0.039981,0.023032,0.0026408,-0.019649,-0.050883,-0.076497,-0.09488,-0.11322,-0.107,-0.087938,-0.04919,0.0031534,0.050738,0.10814,0.098098,0.063135,0.071842,0.142,0.23533,0.24126,0.20276,0.17894,0.17008,0.1458,0.10622,0.083855,0.072154,0.034785,-0.025859,-0.088256,-0.12511,-0.14478
0.053523,0.03525,0.025629,0.029012,0.017142,-0.015437,-0.048418,-0.078012,-0.081243,-0.077161,-0.052879,-0.0018895,0.044903,0.099648,0.089499,0.06757,0.085855,0.1586,0.25008,0.25525,0.21666,0.18215,0.17095,0.14036,0.10225,0.085053,0.069834,0.036953,-0.026225,-0.091906,-0.11225,-0.12652
0.072024,0.0603,0.050974,0.069014,0.075163,0.050721,0.0048423,-0.037079,-0.048204,-0.053492,-0.045649,-0.0032232,0.027438,0.079956,0.084106,0.077724,0.11236,0.18614,0.27063,0.26745,0.2248,0.19434,0.16996,0.1429,0.10551,0.085447,0.070836,0.032862,-0.029235,-0.082273,-0.095954,-0.10032
0.10781,0.11501,0.10537,0.10289,0.093506,0.08442,0.041743,-0.0056382,-0.014703,-0.020578,-0.013258,0.02182,0.036346,0.086668,0.10434,0.1162,0.15024,0.21586,0.29132,0.27622,0.23323,0.20188,0.17686,0.15117,0.11902,0.08998,0.063797,0.025046,-0.02519,-0.065408,-0.070247,-0.078118
NaN,0.13779,0.15567,0.16847,0.13571,0.1076,0.06899,0.018731,-0.00073585,-0.00062741,0.020411,0.05042,0.065891,0.11006,0.13481,0.14966,0.17782,0.23001,0.30293,0.29132,0.25202,0.2149,0.19385,0.16921,0.13053,0.096962,0.062829,0.023906,-0.025332,-0.063904,-0.069813,-0.078622
NaN,NaN,0.071258,0.16639,0.18925,0.14324,0.089958,0.038476,0.014297,0.013533,0.038082,0.074754,0.099123,0.13671,0.15515,0.1626,0.18479,0.23703,0.31601,0.31093,0.2707,0.23219,0.21047,0.17483,0.13786,0.097413,0.071827,0.024219,-0.031586,-0.073203,-0.089123,-0.087169
NaN,NaN,0.13224,0.19626,0.22459,0.20537,0.1556,0.093114,0.04193,0.028337,0.06074,0.092136,0.11468,0.1616,0.17755,0.1947,0.21181,0.25836,0.33327,0.33005,0.29646,0.2567,0.20888,0.17001,0.13051,0.10161,0.0718,0.032096,-0.024407,-0.075719,-0.096838,-0.092504
NaN,NaN,NaN,0.13901,0.19204,0.20116,0.16594,0.11683,0.06443,0.043147,0.073475,0.11323,0.13557,0.18909,0.20285,0.21763,0.24483,0.29046,0.35295,0.35018,0.31911,0.26893,0.21526,0.16694,0.12909,0.099323,0.066698,0.032763,-0.015307,-0.063701,-0.097766,-0.095056
NaN,NaN,NaN,NaN,0.11636,0.14389,0.1296,0.091765,0.058847,0.04729,0.079848,0.12361,0.15324,0.21079,0.22549,0.23776,0.26937,0.3184,0.37797,0.36509,0.32933,0.28044,0.22053,0.17426,0.13017,0.096086,0.060289,0.023509,-0.0094776,-0.053296,-0.097901,-0.10192
NaN,NaN,NaN,NaN,NaN,NaN,0.077598,0.058866,0.040377,0.044526,0.07746,0.12726,0.16088,0.21946,0.24298,0.27063,0.29913,0.34035,0.39808,0.37988,0.33647,0.29006,0.23749,0.18523,0.13652,0.089261,0.047467,0.010299,-0.014638,-0.059384,-0.10523,-0.11697
NaN,NaN,NaN,NaN,NaN,NaN,0.069814,0.058277,0.043561,0.052684,0.080424,0.11944,0.15925,0.21403,0.26821,0.33002,0.35113,0.36182,0.4118,0.38563,0.3423,0.29727,0.24434,0.19243,0.13556,0.083131,0.035315,-0.0019549,-0.02764,-0.068114,-0.10428,-0.11369
NaN,NaN,NaN,NaN,NaN,NaN,NaN,0.071114,0.063311,0.081185,0.10285,0.13361,0.16013,0.22033,0.29847,0.38491,0.3989,0.3829,0.41842,0.40213,0.36714,0.32458,0.25895,0.19874,0.13886,0.088833,0.039016,-0.011627,-0.039937,-0.07246,-0.096504,-0.10825
NaN,NaN,NaN,NaN,NaN,NaN,NaN,0.039082,0.05218,0.094366,0.13447,0.15623,0.17975,0.24151,0.33352,0.44348,0.44237,0.39691,0.41717,0.41195,0.38645,0.33784,0.26651,0.2059,0.1478,0.097722,0.043252,-0.010362,-0.038078,-0.058138,-0.07634,-0.076074
NaN,NaN,NaN,0.035933,0.083441,NaN,NaN,NaN,0.076055,0.106,0.15588,0.1889,0.21805,0.27889,0.36857,0.47044,0.45424,0.40761,0.42849,0.42547,0.3964,0.34982,0.26879,0.20672,0.15162,0.10578,0.045803,-0.0081478,-0.036751,-0.05049,-0.063343,-0.062407
NaN,0.0044244,0.020356,0.046888,0.089697,0.11462,NaN,NaN,0.11247,0.13491,0.18414,0.22577,0.25619,0.29287,0.37987,0.48333,0.47971,0.43185,0.45551,0.43652,0.39745,0.34438,0.27457,0.20551,0.15302,0.11152,0.060906,0.0075288,-0.023798,-0.043017,-0.058845,-0.060797
-0.0091044,-0.003853,0.01876,0.047973,0.082007,0.11316,NaN,NaN,0.12324,0.14493,0.20819,0.25822,0.26336,0.28384,0.36482,0.49086,0.51882,0.47549,0.47716,0.43911,0.39774,0.35084,0.2814,0.21216,0.15953,0.12303,0.084714,0.031686,-0.0071772,-0.038009,-0.056874,-0.056512
0.014568,0.027678,0.052122,0.064214,0.083223,0.10588,NaN,NaN,0.10815,0.14792,0.25393,0.28688,0.27433,0.28141,0.35484,0.49182,0.55315,0.51182,0.4866,0.45153,0.40985,0.3706,0.30786,0.23085,0.16604,0.13361,0.10114,0.05463,0.0065847,-0.03263,-0.053343,-0.049062
0.07098,0.074745,0.096124,0.097536,0.095522,NaN,NaN,NaN,NaN,0.19413,0.32418,0.32776,0.2901,0.29057,0.36307,0.49757,0.57206,0.52771,0.4978,0.47024,0.43423,0.40507,0.32784,0.23883,0.17436,0.14041,0.10793,0.061758,0.014102,-0.031525,-0.053317,-0.05295
0.11056,0.095273,0.11596,0.12375,0.11453,NaN,0.18648,0.1578,NaN,0.22959,0.34924,0.32776,0.2945,0.30179,0.37204,0.49234,0.57053,0.54104,0.51309,0.50325,0.48285,0.44246,0.35979,0.26135,0.19025,0.15054,0.11413,0.074917,0.029503,-0.024215,-0.053597,-0.052087
0.11497,0.10561,0.12213,0.13226,0.15135,0.20114,0.21618,0.20302,NaN,NaN,0.32029,0.2845,0.27854,0.2922,0.34808,0.47371,0.58787,0.57444,0.53146,0.5238,0.5392,0.50577,0.41509,0.31262,0.21803,0.14816,0.11036,0.084781,0.042155,-0.015526,-0.051127,-0.050845
0.15126,0.13871,0.13435,0.12911,0.14766,0.18091,0.21016,0.21327,NaN,NaN,NaN,0.21563,0.23687,0.25854,0.30804,0.45551,0.636,0.67131,0.60259,0.55654,0.57119,0.54649,0.47411,0.36367,0.24631,0.15257,0.10895,0.091128,0.054269,-0.0018573,-0.054176,-0.051793
NaN,NaN,0.14458,0.13938,0.14405,0.17247,0.20764,0.2185,0.22079,0.21833,0.17681,NaN,0.20263,0.23111,0.28782,0.4237,0.63657,0.71808,0.66464,0.61923,0.5997,0.56741,0.52087,0.42659,0.29616,0.17919,0.11403,0.094296,0.062674,0.012126,-0.049111,-0.064355
0.012284,NaN,NaN,0.12458,0.1192,0.149,0.19003,0.21745,0.22702,0.22299,0.18829,NaN,0.21629,0.24878,0.29176,0.38011,0.52345,0.66875,NaN,0.67465,0.69233,0.63636,0.58319,0.49007,0.36276,0.22697,0.13526,0.092784,0.066442,0.035233,-0.025193,-0.054557
0.10673,0.11599,0.10438,0.089043,0.10017,0.12189,0.16617,0.2016,0.21303,0.2037,0.16596,0.16893,0.22312,0.24848,0.25533,NaN,NaN,NaN,NaN,NaN,NaN,0.6459,0.61908,0.53948,0.43366,0.29058,0.18219,0.12021,0.087428,0.070305,0.023561,-0.012449
0.12015,0.12474,0.10448,0.10211,0.11656,0.12667,0.15084,0.17945,0.18747,0.18206,0.12878,NaN,NaN,NaN,NaN,NaN,NaN,NaN,NaN,NaN,NaN,NaN,0.63619,0.56779,0.48736,0.36725,0.26726,0.20665,0.1581,0.13475,0.093898,0.045563
0.16076,0.14433,0.13075,0.13114,0.14316,0.15586,0.17292,0.1876,0.1787,0.17031,NaN,NaN,NaN,NaN,NaN,NaN,NaN,NaN,NaN,NaN,NaN,NaN,NaN,NaN,0.4264,0.36529,0.31999,0.29859,0.25025,0.20858,0.16496,0.13008
0.13402,0.11615,0.12716,0.14674,0.16341,0.17491,0.18898,0.18818,0.16515,0.1502,NaN,NaN,NaN,NaN,NaN,NaN,NaN,NaN,NaN,NaN,NaN,NaN,NaN,NaN,NaN,0.35383,0.36124,0.35805,0.31154,0.25414,0.21684,0.20108
0.13203,0.11987,0.13013,0.1514,0.16711,0.17422,0.18286,0.17629,0.15485,0.13072,NaN,NaN,NaN,NaN,NaN,NaN,NaN,NaN,NaN,NaN,NaN,NaN,NaN,NaN,NaN,0.30629,0.33183,0.32796,0.26697,0.20753,0.18695,NaN
0.12211,0.10842,0.11448,0.13685,0.16084,0.16983,0.17541,0.17072,0.15358,0.116,NaN,NaN,NaN,NaN,NaN,NaN,NaN,NaN,NaN,NaN,NaN,NaN,NaN,NaN,NaN,NaN,NaN,NaN,NaN,NaN,NaN,NaN
0.12469,0.091609,0.094656,0.11598,0.14186,0.15989,0.16688,0.17167,0.17529,0.14259,NaN,NaN,NaN,NaN,NaN,NaN,NaN,NaN,NaN,NaN,NaN,NaN,NaN,NaN,NaN,NaN,NaN,NaN,NaN,NaN,NaN,NaN
0.1424,0.10055,0.094525,0.11121,0.13782,0.1626,0.16248,0.16972,0.17896,0.14149,0.095388,NaN,NaN,NaN,NaN,NaN,NaN,NaN,NaN,NaN,NaN,NaN,NaN,NaN,NaN,NaN,NaN,NaN,NaN,NaN,NaN,NaN
0.13149,0.10423,0.098454,0.10849,0.13505,0.15631,0.16078,0.15817,0.16535,0.13141,NaN,NaN,NaN,NaN,NaN,NaN,NaN,NaN,NaN,NaN,NaN,NaN,NaN,NaN,NaN,NaN,NaN,NaN,NaN,NaN,NaN,NaN
0.12716,0.10951,0.10064,0.1069,0.1315,0.15696,0.16103,0.15538,0.15087,0.12855,0.078861,NaN,NaN,NaN,NaN,NaN,NaN,NaN,NaN,NaN,NaN,NaN,NaN,NaN,NaN,NaN,NaN,NaN,NaN,NaN,NaN,NaN
0.12687,0.10969,0.10218,0.11105,0.1376,0.16398,0.16974,0.16391,0.1548,0.14935,0.11973,0.10092,NaN,NaN,NaN,NaN,NaN,NaN,NaN,NaN,NaN,NaN,NaN,NaN,NaN,NaN,NaN,NaN,NaN,NaN,NaN,NaN
0.11923,0.10301,0.097228,0.10971,0.13828,0.16802,0.18178,0.17391,0.17107,0.17166,0.15461,0.12853,NaN,NaN,NaN,NaN,NaN,NaN,NaN,NaN,NaN,NaN,NaN,NaN,NaN,NaN,NaN,NaN,NaN,NaN,NaN,NaN
0.1109,0.094549,0.092636,0.10867,0.14206,0.1682,0.18109,0.19026,0.19136,0.18398,0.16149,0.13007,0.12051,NaN,NaN,NaN,NaN,NaN,NaN,NaN,NaN,NaN,NaN,NaN,NaN,NaN,NaN,NaN,NaN,NaN,NaN,NaN
0.099119,0.089815,0.091334,0.11333,0.14631,0.16527,0.18642,0.20053,0.20761,0.1956,0.16222,0.12081,0.11215,NaN,NaN,NaN,NaN,NaN,NaN,NaN,NaN,NaN,NaN,NaN,NaN,NaN,NaN,NaN,NaN,NaN,NaN,NaN
0.095894,0.08993,0.088192,0.10679,0.1332,0.15903,0.18128,0.20343,0.20923,0.19614,0.16356,0.13206,0.12244,NaN,NaN,NaN,NaN,NaN,NaN,NaN,NaN,NaN,NaN,NaN,NaN,NaN,NaN,NaN,NaN,NaN,NaN,NaN
0.098791,0.08264,0.08126,0.095237,0.12945,0.15917,0.18663,0.20387,0.20535,0.19404,0.17261,0.14955,0.12111,0.095072,0.081718,NaN,NaN,NaN,NaN,NaN,NaN,NaN,NaN,NaN,NaN,NaN,NaN,NaN,NaN,NaN,NaN,NaN
0.094085,0.067957,0.071097,0.094296,0.13512,0.16516,0.19019,0.20133,0.20499,0.20023,0.18532,0.15788,0.1246,0.10038,0.087994,0.06826,NaN,NaN,NaN,NaN,NaN,NaN,NaN,NaN,NaN,NaN,NaN,NaN,NaN,NaN,NaN,-0.17478
0.081408,0.059144,0.06737,0.1032,0.14165,0.17284,0.19204,0.20257,0.21103,0.21282,0.19432,0.1624,0.1345,0.11668,0.098739,0.090461,NaN,NaN,NaN,NaN,NaN,NaN,NaN,NaN,NaN,NaN,NaN,NaN,NaN,-0.036259,-0.091694,-0.077042
0.082091,0.061724,0.074835,0.11387,0.15784,0.18942,0.19822,0.20162,0.20483,0.21138,0.18906,0.16441,0.1408,0.12866,0.116,0.10346,0.10905,NaN,NaN,NaN,NaN,NaN,NaN,NaN,NaN,NaN,NaN,NaN,-0.008429,-0.032002,-0.043818,-0.0096054
0.080716,0.074503,0.095478,0.12964,0.17024,0.1995,0.20225,0.19271,0.19344,0.19826,0.1853,0.15984,0.1407,0.13508,0.12329,0.10593,0.097066,NaN,NaN,NaN,NaN,NaN,NaN,NaN,NaN,NaN,NaN,NaN,-0.065846,-0.037321,-0.033504,-0.021281
0.087276,0.083699,0.10895,0.13746,0.17768,0.20717,0.2026,0.19473,0.18407,0.17928,0.16975,0.14637,0.12485,0.12195,0.11373,0.093932,0.080009,0.066164,NaN,NaN,NaN,NaN,NaN,NaN,NaN,NaN,NaN,-0.078407,-0.071866,-0.028935,-0.028045,-0.035836
0.0971,0.098047,0.12204,0.15374,0.18804,0.20404,0.20238,0.18896,0.17235,0.16204,0.15146,0.13585,0.11497,0.10752,0.10582,0.099352,0.082762,0.059615,NaN,NaN,NaN,NaN,NaN,NaN,NaN,0.0062091,-0.011606,-0.050885,-0.049719,-0.033185,-0.042034,-0.049509
0.10758,0.11114,0.13531,0.1693,0.20091,0.20558,0.19789,0.18425,0.15917,0.14239,0.12435,0.1217,0.10301,0.096558,0.095555,0.10319,0.082698,0.055994,NaN,NaN,NaN,NaN,0.0033024,0.0036766,0.0091612,0.014589,-0.0067713,-0.034456,-0.042848,-0.03889,-0.056811,-0.066245
0.11527,0.12698,0.1524,0.18607,0.21233,0.21462,0.20104,0.17129,0.15172,0.12505,0.11025,0.10334,0.097221,0.091519,0.096692,0.10519,0.087813,0.0462,0.038944,NaN,NaN,0.0060993,0.0013181,0.0040961,-0.0038973,-0.0045896,-0.0062465,-0.018531,-0.032079,-0.04994,-0.071186,-0.080714
0.11621,0.13447,0.16492,0.19589,0.21909,0.22076,0.19854,0.1692,0.1398,0.10949,0.10021,0.099533,0.093601,0.08431,0.092209,0.1021,0.078501,0.030007,0.0099116,-0.0083569,-0.023923,-0.011279,-0.0092186,-0.013188,-0.022142,-0.012828,-0.0043011,-0.0086106,-0.027323,-0.062449,-0.090411,-0.096914
0.12297,0.1495,0.18018,0.19967,0.21828,0.21715,0.19517,0.16612,0.13446,0.10695,0.098092,0.097685,0.081023,0.073777,0.076204,0.080422,0.049213,-0.001137,-0.01909,-0.036626,-0.049354,-0.042835,-0.030707,-0.027963,-0.035001,-0.022207,-0.0020795,-0.0057642,-0.026206,-0.060178,-0.096591,-0.11516
0.1432,0.17072,0.19467,0.20092,0.20636,0.20864,0.19217,0.16535,0.1285,0.11134,0.11036,0.089604,0.067743,0.062148,0.059945,0.06112,0.038415,-0.0022554,-0.017875,-0.035051,-0.052752,-0.054387,-0.044416,-0.040603,-0.036181,-0.023168,-0.005971,-0.0060253,-0.02589,-0.060761,-0.10768,-0.13229
0.16277,0.18639,0.20967,0.20397,0.19771,0.19531,0.18667,0.16068,0.12012,0.10545,0.10489,0.078306,0.060151,0.057312,0.060476,0.064492,0.042353,0.0069786,-0.0067567,-0.025169,-0.038511,-0.043768,-0.043608,-0.036233,-0.03532,-0.033382,-0.023785,-0.030978,-0.046292,-0.074666,-0.11501,-0.13979
0.17738,0.19796,0.2129,0.19595,0.19247,0.19559,0.18181,0.14218,0.10453,0.089901,0.078936,0.060385,0.058705,0.060482,0.065228,0.071784,0.048319,0.0078668,-0.0064729,-0.018513,-0.033847,-0.036654,-0.042881,-0.047083,-0.048692,-0.048852,-0.045695,-0.054606,-0.062463,-0.076612,-0.098743,-0.11843
0.18101,0.20246,0.20144,0.17672,0.17431,0.18449,0.17533,0.13785,0.1045,0.088769,0.066266,0.053444,0.063601,0.065265,0.070491,0.088029,0.064765,0.0071798,-0.014318,-0.030677,-0.030966,-0.038922,-0.054772,-0.065209,-0.069695,-0.066714,-0.060974,-0.059124,-0.057696,-0.065523,-0.075763,-0.085169
0.18973,0.19388,0.1869,0.17628,0.17018,0.17661,0.17076,0.14581,0.12271,0.10276,0.077059,0.067128,0.080608,0.067675,0.069501,0.10573,0.086785,0.020746,-0.015719,-0.034959,-0.028974,-0.035383,-0.044539,-0.061237,-0.073729,-0.074482,-0.070547,-0.057876,-0.044187,-0.036437,-0.034337,-0.050224
0.18723,0.18111,0.16914,0.16246,0.1645,0.16528,0.15807,0.13811,0.10909,0.091559,0.080088,0.077433,0.079696,0.072795,0.070953,0.11527,0.10899,0.048087,-0.001132,-0.027602,-0.035197,-0.026883,-0.020433,-0.030164,-0.047256,-0.054809,-0.057315,-0.045853,-0.021151,-0.003392,0.0022897,-0.031003
0.17375,0.15643,0.13066,0.11465,0.1211,0.13558,0.12449,0.10772,0.085199,0.083545,0.093368,0.095196,0.09115,0.079811,0.074247,0.12563,0.12485,0.061571,0.019437,-0.014104,-0.035314,-0.026822,-0.012189,-0.0030842,-0.016466,-0.034167,-0.044117,-0.037701,-0.0030195,0.016889,0.016856,-0.016421
0.15598,0.13391,0.096658,0.062237,0.078906,0.11585,0.12173,0.085744,0.077618,0.086317,0.10114,0.099059,0.093164,0.082535,0.07987,0.13567,0.13965,0.083668,0.042205,0.0072178,-0.03062,-0.040816,-0.017448,0.0025679,-0.00046798,-0.016574,-0.032251,-0.026657,0.0089162,0.033163,0.035625,0.011517
0.13369,0.083544,0.059683,NaN,NaN,NaN,NaN,NaN,NaN,NaN,0.096179,0.078891,0.076902,0.071648,0.073976,0.13017,0.14141,0.096579,0.056861,0.01942,-0.020008,-0.038077,-0.021276,0.010058,0.010057,0.0010462,-0.015638,-0.01458,0.019785,0.044394,0.050807,0.039665
0.11009,0.057128,NaN,NaN,NaN,NaN,NaN,NaN,NaN,NaN,NaN,NaN,0.048423,0.054717,0.072264,0.13356,0.14409,0.10065,0.066121,0.024571,-0.0094077,-0.025584,-0.019558,0.0065857,0.013627,0.015311,0.010203,0.0043308,0.019148,0.038941,0.050495,0.06075
0.069869,NaN,NaN,NaN,NaN,NaN,NaN,NaN,NaN,NaN,NaN,NaN,0.045562,0.050063,0.076585,0.14188,0.14862,0.090209,0.055469,0.029374,0.0084915,-0.015373,-0.0081903,0.013928,0.021416,0.032759,0.039726,0.028423,0.014501,0.024041,0.050424,0.066322
NaN,NaN,NaN,NaN,NaN,NaN,NaN,NaN,NaN,NaN,NaN,NaN,NaN,0.053821,0.075862,0.14271,0.14583,0.07661,0.025365,0.0019853,-0.010356,-0.010362,-0.0031409,0.013637,0.024419,0.031757,0.045385,0.046192,0.021992,0.02322,0.041737,0.062207
NaN,NaN,NaN,NaN,NaN,NaN,NaN,NaN,NaN,NaN,NaN,NaN,NaN,NaN,0.074564,0.12791,0.13402,0.073096,0.015275,-0.0076937,-0.021749,-0.022761,-0.017456,0.0055571,0.022339,0.031934,0.04989,0.062305,0.051958,0.044993,0.05604,0.077915
NaN,NaN,NaN,NaN,NaN,NaN,NaN,NaN,NaN,NaN,NaN,NaN,NaN,0.047124,0.066675,0.12245,0.13308,0.075383,0.014055,-0.012087,-0.033425,-0.044678,-0.020295,0.0077747,0.019322,0.039862,0.054272,0.076997,0.081927,0.06775,0.072402,0.090183
NaN,NaN,NaN,NaN,NaN,NaN,NaN,NaN,NaN,NaN,NaN,NaN,NaN,0.036685,0.066421,0.11669,0.13616,0.091382,0.026333,0.001444,-0.022538,-0.040079,-0.029055,0.001555,0.026867,0.047587,0.061007,0.085034,0.099731,0.091613,0.081049,0.086917
NaN,NaN,NaN,NaN,NaN,NaN,NaN,NaN,NaN,NaN,NaN,NaN,NaN,0.051437,0.063474,0.1062,0.13874,0.10715,0.042387,0.0093835,-0.0083304,-0.023725,-0.024038,0.0013774,0.032307,0.046999,0.065211,0.088971,0.11042,0.10606,0.089046,0.093986
