0,0,0,0,0,0,0,0,0,0,0,0,0,0.078941,0.050293,0.029491,0.030909,0.0099657,-0.025514,-0.051136,-0.051603,-0.046772,-0.037129,-0.030889,-0.023226,-0.026885,-0.032772,-0.028219,-0.026047,-0.032739,-0.064314,-0.079898
0,0,0,0,0,0,0,0,0,0,0,0,0,0.10191,0.061045,0.043155,0.046299,0.019837,-0.0081555,-0.031738,-0.033154,-0.047186,-0.043893,-0.044272,-0.042475,-0.038057,-0.023677,-0.012429,-0.014427,-0.015299,-0.04002,-0.071257
0,0,0,0,0,0,0,0,0,0,0,0,0,0.10932,0.065232,0.048216,0.059802,0.031366,0.00171,-0.022225,-0.015798,-0.03864,-0.049587,-0.042615,-0.042359,-0.039741,-0.019845,-0.0058107,-0.0084512,-0.011845,-0.020769,-0.047191
0,0,0,0,0,0,0,0,0,0,0,0,0,0.09592,0.069209,0.051632,0.06311,0.038374,0.0070296,-0.033272,-0.021275,-0.022221,-0.034257,-0.028833,-0.028015,-0.029284,-0.013671,0.0059228,0.0071062,0.00411,-0.0049581,-0.016192
0,0,0,0,0,0,0,0,0,0,0,0,0,0,0.05338,0.033989,0.042218,0.03206,0.013989,-0.026868,-0.02378,-0.012222,-0.014622,-0.0045738,-0.00092915,0.0097779,0.013849,0.012453,0.020928,0.028575,0.015981,0.012958
0,0,0,0,0,0,0,0,0,0,0,0,0,0,0.031862,0.023388,0,0.0079398,0.01785,-0.00093508,-0.0057392,-0.012347,-0.016512,0.018803,0.058013,0.086803,0.065574,0.010262,0.0048476,0.02102,0.014688,0.022094
0,0,0,0,0,0,0,0,0,0,0,0,0,0,0,0,0,0,0.0030478,0.0074131,0.0099071,2.6103e-05,-0.027524,-0.0065613,0.049513,0.063843,0.083056,0.064195,0.060489,0.055023,0.038517,0.025641
0,0,0,0,0,0,0,0,0,0,0,0,0,0,0,0,0,0,0,0,-0.060287,-0.034439,-0.078257,0,0,0,0,0.11454,0.10108,0.058695,0.083013,0.053505
0,0,0,0,0,0,0,0,0,0,0,0,0,0,0,0,0,0,0,0,0,0,0,0,0,0,0,0,0,0,0.02682,0.031278
0,0,0,0,0,0,0,0,0,0,0,0,0,0,0,0,0,0,0,0,0,0,0,0,0,0,0,0,0,0,0,0.010681
0,0,0,0,0,0,0,0,0,0,0,0,0,0,0,0,0,0,0,0,0,0,0,0,0,0,0,0,0,0,0,0
0,0,0,0,0,0,0,0,0,0,0,0,0,0,0,0,0,0,0,0,0,0,0,0,0,0,0,0,0,0,0,0
0,0,0,0,0,0,0,0,0,0,0,0,0,0,0,0,0,0,0,0,0,0,0,0,0,0,0,0,0,0,0,0
0,0,0,0,0,0,0,0,0,0,0,0,0,0,0,0,0,0,0,0,0,0,0,0,0,0,0,0,0,0,0,0
0,0,0,0,0,0,0,0,0,0,0,0,0,0,0,0,0,0,0,0,0,0,0,0,0,0,0,0,0,0,0,0
0,0,0,0,0,0,0,0,0,0,0,0,0,0,0,0,0,0,0,0,0,0,0,0,0,0,0,0,0,0,0,0
0,0,0,0,0,0,0,0,0,0,0,0,0,0,0,0,0,0,0,0,0,0,0,0,0,0,0,0,0,0,0,0
0,0,0,0,0,0,0,0,0,0,0,0,0,0,0,0,-0.047869,0,0,0,0,0,0,0,0,0,0,0,0,0,0,-0.089712
0,0,0,0,0,0,0,0,0,0,0,0,0,0,0,0,-0.043337,0,0,0,0,0,0,0,0,0,0,0,0,-0.10374,-0.064034,-0.071702
0,0,0.063721,0.059288,0,0,0,0,0,0,0,0,0,0,0,0,0,0,0,0,0,0,0,0,0,0,-0.072455,-0.071812,-0.084885,-0.082737,-0.080242,-0.10171
0,0,0,0.049539,0.092209,0.093022,0,0,0,0,0,0,0,0,0,0,0,0,0,0,0,0,0,0,0,-0.098032,-0.075291,-0.075259,-0.088546,-0.093779,-0.10352,-0.11612
0,0,0,0,0,0.07974,0.091308,0.1117,0,0,0,0,0,0,0,0,0,0,-0.11009,-0.11224,0,0,0,0,0,-0.087992,-0.089614,-0.10041,-0.10789,-0.11512,-0.11282,-0.12932
0,0,0,0,0,0,0.063379,0.079886,0,0,0,0,0,0,0,0,0,-0.078395,-0.081013,-0.083922,-0.080869,-0.078568,-0.088038,-0.10007,-0.090449,-0.097855,-0.1167,-0.12384,-0.12231,-0.13287,-0.12272,-0.13861
0,0,0,0,0,0,0,0,0,0,0,0,0,0,0,0,-0.054469,-0.063271,-0.069994,-0.056151,-0.045528,-0.037282,-0.045678,-0.067301,-0.069888,-0.089209,-0.11524,-0.11879,-0.12047,-0.14737,-0.13731,-0.13681
0,0,0,0,0,0,0,0,0,-0.010979,0,0,0,0,0,-0.054892,-0.065321,-0.065873,-0.061474,-0.039166,-0.02012,-0.01259,-0.041424,-0.073902,-0.068877,0,0,0,0,-0.17696,-0.14764,-0.15124
0,0,0,0,0,0,0,0,0,-0.011847,0,0,0,0,-0.075796,-0.066895,-0.06811,-0.061492,-0.055525,-0.039123,-0.018843,-0.017629,-0.042369,-0.085311,0,0,0,0,0,-0.15617,-0.13642,-0.14481
0.17711,0,0,0,0,0,0,0,-0.0057345,-0.0094047,0,0,0,-0.098903,-0.078862,-0.062897,-0.059942,-0.064029,-0.060769,-0.047697,-0.026132,-0.02517,-0.055805,0,0,0,-0.069255,-0.099873,-0.12777,-0.12966,-0.14056,-0.15654
0,0.18243,0,0,0,0,0,0,0.0080999,-0.0023653,0,-0.11192,-0.076471,-0.068707,-0.068241,-0.067208,-0.067775,-0.070991,-0.06146,-0.035923,-0.025537,-0.025659,-0.054332,-0.060284,-0.02702,-0.028186,-0.060575,-0.096116,-0.11758,-0.11709,-0.14249,-0.16433
0,0,0.1527,0,0,0,0,0,-0.0022402,-0.030815,-0.078444,-0.06735,-0.06325,-0.074425,-0.083984,-0.084665,-0.085473,-0.078708,-0.063123,-0.035998,-0.034555,-0.027412,-0.022161,-0.018185,-0.003636,-0.016392,-0.044532,-0.090393,-0.10619,-0.11701,-0.14839,-0.17516
0,0,0.13128,0,0,0,0,0.002925,-0.0030249,-0.022271,-0.045763,-0.04294,-0.054086,-0.076408,-0.085361,-0.084062,-0.089819,-0.085203,-0.06997,-0.047742,-0.035989,-0.02113,-0.01095,-0.011653,-0.0080473,-0.020813,-0.051723,-0.083955,-0.10734,-0.12317,-0.14651,-0.17766
0,0,0.068108,0,0,0,-0.060994,-0.023815,-0.0044093,-0.028189,-0.046694,-0.048589,-0.049253,-0.057994,-0.072543,-0.074895,-0.085361,-0.086526,-0.080519,-0.059926,-0.044258,-0.01608,-0.0037992,-0.016818,-0.02756,-0.047357,-0.065457,-0.08138,-0.10806,-0.12304,-0.14275,-0.17455
0,0,0,0.064546,0,-0.070175,-0.04414,-0.018242,-0.011787,-0.026908,-0.045403,-0.048844,-0.0466,-0.057241,-0.069527,-0.07098,-0.082391,-0.085481,-0.081098,-0.065843,-0.041629,-0.0096599,-0.002024,-0.022793,-0.048149,-0.065093,-0.069381,-0.082035,-0.10764,-0.11712,-0.12998,-0.15816
0,0,0,0.067586,0.011279,-0.01602,0.00034979,-0.0081249,-0.006608,-0.018368,-0.034988,-0.050894,-0.054432,-0.062833,-0.068449,-0.065107,-0.076582,-0.086573,-0.084828,-0.07432,-0.051105,-0.017367,-0.0092333,-0.026356,-0.049956,-0.06604,-0.069984,-0.073158,-0.095587,-0.11474,-0.12769,-0.14969
0,0,0,0.068046,0.046885,0.032592,0.014671,-0.0059221,0.0044795,-0.0042641,-0.024302,-0.042249,-0.05696,-0.065991,-0.072771,-0.066954,-0.06762,-0.080854,-0.084885,-0.069027,-0.041068,-0.021039,-0.016461,-0.031315,-0.051389,-0.06957,-0.077338,-0.07333,-0.085484,-0.11536,-0.13824,-0.15057
0,0,0,0.0597,0.055469,0.050837,0.030175,0.010652,0.019895,0.0041511,-0.019379,-0.043549,-0.062377,-0.073125,-0.071828,-0.069902,-0.065259,-0.069269,-0.074955,-0.069091,-0.038893,-0.0081837,-0.011666,-0.032935,-0.057725,-0.077583,-0.08509,-0.079707,-0.086094,-0.11599,-0.14489,-0.154
0,0,0,0.034854,0.049757,0.046849,0.037622,0.036429,0.031892,7.3987e-06,-0.023503,-0.039281,-0.056777,-0.06978,-0.069958,-0.063251,-0.063889,-0.064579,-0.061611,-0.054835,-0.035304,-0.012143,-0.019031,-0.036389,-0.046842,-0.064849,-0.072408,-0.079564,-0.089788,-0.10573,-0.13847,-0.14896
0,0,0,-0.0076769,0.026708,0.041058,0.032407,0.043155,0.040247,0.0057232,-0.024734,-0.032367,-0.038335,-0.053447,-0.062786,-0.06389,-0.068238,-0.075007,-0.070729,-0.053373,-0.029984,-0.026255,-0.028394,-0.026816,-0.04006,-0.050126,-0.057775,-0.071066,-0.081109,-0.086262,-0.121,-0.12707
0,0,0,0,-0.0047678,0.026107,0.027326,0.035613,0.038155,0.012379,-0.012478,-0.033482,-0.034883,-0.036476,-0.048786,-0.062772,-0.069979,-0.08457,-0.080581,-0.061057,-0.036141,-0.030237,-0.016658,-0.016668,-0.027984,-0.04004,-0.047296,-0.058714,-0.074319,-0.079493,-0.10308,-0.12009
0,0,0,0,0,0.0068598,0.020341,0.02629,0.032467,0.025807,0.002674,-0.032154,-0.039505,-0.03518,-0.045906,-0.069072,-0.072537,-0.075178,-0.069681,-0.058756,-0.039883,-0.016124,-0.010586,-0.01338,-0.018827,-0.028583,-0.036301,-0.053278,-0.069043,-0.078152,-0.10024,-0.10417
0,0,0,0,0,0,0,-0.0047487,0.011527,0.027729,0.015707,-0.016987,-0.036774,-0.040353,-0.049723,-0.068465,-0.077637,-0.079152,-0.065004,-0.056346,-0.040819,-0.007935,-0.0070528,-0.0098288,-0.015977,-0.02891,-0.041051,-0.051157,-0.065792,-0.080086,-0.098241,-0.095142
0,0,0,0,0,0,0,0,0,-0.001665,-0.0023161,-0.010412,-0.021835,-0.037231,-0.055878,-0.077969,-0.080224,-0.076572,-0.062767,-0.048179,-0.027235,0.0012733,0.0075776,0.0033548,-0.010833,-0.026164,-0.040142,-0.050937,-0.067295,-0.082797,-0.088442,-0.086504
0,0,0,0,0,0,0,0,0,0,0,-0.022889,-0.02208,-0.038737,-0.067288,-0.092074,-0.088257,-0.076961,-0.064808,-0.040579,-0.019659,-0.0020074,0.010715,0.01376,-0.0027892,-0.017424,-0.029973,-0.047736,-0.069101,-0.076786,-0.077406,-0.089667
0,0,0,0,0,0,0,0,0,0,0,-0.016989,-0.020825,-0.041001,-0.069217,-0.088367,-0.08288,-0.076457,-0.057425,-0.035909,-0.018147,-0.0024145,-0.00056056,0.0082694,0.0086914,0.0040603,-0.007757,-0.037279,-0.066667,-0.070183,-0.074386,-0.096586
0,0,0,0,0,0,0,0,-0.048423,-0.05327,-0.048312,0,0,-0.059189,-0.059416,-0.074005,-0.071511,-0.078901,-0.065204,-0.044027,-0.021356,-0.012339,-0.010997,-0.00095705,0.0045513,0.0077445,-0.00056869,-0.039401,-0.073381,-0.070233,-0.072441,-0.091566
0,0,0,0,0,0,0,-0.031706,-0.033577,-0.041202,-0.042706,-0.051424,-0.052998,-0.057022,-0.05396,-0.055878,-0.0625,-0.071928,-0.065911,-0.056352,-0.036062,-0.02015,-0.011365,0.0023586,0.011142,0.012622,-0.0059223,-0.04576,-0.074378,-0.076557,-0.077269,-0.082899
0,0,0,0,0,0,-0.028902,-0.023287,-0.026361,-0.031429,-0.030244,-0.03357,-0.028952,-0.044432,-0.051212,-0.058583,-0.05953,-0.056727,-0.053607,-0.049236,-0.037794,-0.023506,-0.0086332,0.010535,0.015456,0.010211,-0.0056395,-0.038866,-0.071806,-0.085695,-0.085248,-0.081464
0,0,0,0,0,-0.022765,-0.023754,-0.019133,-0.027074,-0.033611,-0.021107,-0.017475,-0.013022,-0.04444,-0.060888,-0.059907,-0.05096,-0.050157,-0.036685,-0.023638,-0.012705,-0.015238,-0.0047248,0.0098799,0.010448,0.0014818,-0.0087376,-0.030831,-0.062882,-0.081168,-0.080927,-0.073789
0,0,0,0,0,-0.019693,-0.012288,-0.0064864,-0.020989,-0.035812,-0.027121,-0.021225,-0.017922,-0.048841,-0.064594,-0.055228,-0.047135,-0.040322,-0.02755,-0.0098354,0.013462,0.00030463,-0.0046233,-0.00076002,-0.00031463,-0.0040037,-0.0086597,-0.01934,-0.043726,-0.067724,-0.076764,-0.073604
0,0,0,0,0.024541,-0.0014071,-0.013996,-0.013746,-0.027475,-0.046681,-0.044962,-0.032689,-0.028929,-0.04856,-0.057707,-0.050131,-0.031368,-0.022807,-0.020923,-0.0083451,0.0077673,-0.00034024,-0.0052294,-0.0054863,-0.0073262,-0.012882,-0.015508,-0.02232,-0.037479,-0.062185,-0.073484,-0.066818
0,0,0,0,0,0.017316,-0.0050515,-0.019408,-0.03296,-0.054869,-0.061332,-0.043962,-0.028297,-0.038881,-0.050512,-0.04687,-0.023963,-0.010052,-0.004501,-0.0049219,0.0011568,-0.00048275,-0.0055695,-0.0053723,-0.015738,-0.021327,-0.025863,-0.031027,-0.043411,-0.055683,-0.066792,-0.058779
0,0,0,0,0,0,0.0024351,-0.020262,-0.042201,-0.064319,-0.072531,-0.056746,-0.028822,-0.046658,-0.059368,-0.053091,-0.025669,-0.011281,0.0037897,0.0062967,0.0072378,-0.00041454,-0.0072101,-0.0073535,-0.015708,-0.02876,-0.032105,-0.036809,-0.046832,-0.037881,-0.048259,-0.047387
0,0,0,0,0,0,0,0,-0.05736,-0.072025,-0.0801,-0.06958,-0.040848,-0.051107,-0.065206,-0.056319,-0.033468,-0.014746,-0.001073,-0.0013797,0.00090465,-0.003756,-0.013104,-0.012874,-0.015282,-0.022752,-0.026968,-0.033489,-0.041698,-0.027576,-0.020502,-0.032201
0,0,0,0,0,0,0,0,-0.029187,-0.049524,-0.065914,-0.066925,-0.046154,0,-0.051906,-0.051699,-0.039749,-0.02098,-0.0049193,-0.0073707,-0.0026202,-0.0021629,-0.012362,-0.025687,-0.019698,-0.0079738,-0.010427,-0.019745,-0.027218,-0.012126,-0.0048893,-0.038105
0,0,0,0,0,0,0,0,0,0,-0.048179,0,-0.041566,-0.022416,0,0,-0.034389,-0.02461,0.0010075,-0.0004001,-0.0015912,-0.0014229,-0.014523,-0.026908,-0.019629,-0.003988,0.00042592,-0.0081258,-0.02197,-0.011981,-0.010771,-0.045857
0,0,0,0,0,0,0,0,0,-0.042929,-0.042785,-0.039804,0,0,-0.013631,0,0,-0.013155,0.016308,0.010157,-0.0015816,-0.012135,-0.016728,-0.020398,-0.010739,-0.0050428,-0.0048516,-0.015865,-0.030661,-0.033555,-0.032138,-0.051247
0,0,0,0,0,0,0,0,0,0,-0.046982,-0.036103,-0.031253,0,0,0,0,0,0.016278,0.018077,0.0084598,-0.017487,-0.024935,-0.019337,-0.0052889,-0.0048553,-0.01683,-0.02617,-0.030162,-0.033595,-0.035166,-0.045946
0,0,0,0,0,0,0,0,0,0,0,-0.040964,-0.044647,-0.047094,-0.051187,-0.047614,-0.060184,0,0,0.025042,0.027315,-0.0046489,-0.030855,-0.027042,-0.0091732,-0.011588,-0.026892,-0.031897,-0.026167,-0.028917,-0.037268,-0.046441
0,0,0,0,0,-0.077808,-0.030439,0,0,0,0,-0.054974,-0.077892,-0.08912,-0.085702,-0.072063,-0.060806,-0.053853,-0.025898,0,0.038694,0.0086068,-0.027861,-0.027393,-0.011907,-0.012064,-0.0194,-0.021607,-0.018748,-0.021131,-0.038698,-0.050272
0,0,0,0,0,-0.11009,-0.1127,-0.12792,0,0,-0.097027,-0.10387,-0.10758,-0.10785,-0.085743,-0.075535,-0.051116,-0.037853,-0.021428,0.008843,0.033453,0.012742,-0.028114,-0.028532,-0.0091235,-0.0070475,-0.011904,-0.023114,-0.029597,-0.036115,-0.044132,-0.047991
0,0,0,0,0,-0.081152,-0.11209,-0.12185,-0.11936,-0.11926,-0.11417,-0.11905,-0.11584,-0.10447,-0.097522,0,0,-0.043722,-0.033724,-0.010234,0.03034,0.019812,-0.030732,-0.033685,-0.015519,-0.013681,-0.01878,-0.024944,-0.031729,-0.039755,-0.043855,-0.043602
0,0,0,0,0,-0.056864,-0.10334,-0.10319,-0.097748,-0.09958,-0.10932,-0.10708,-0.091053,-0.078783,0,0,0,0,-0.056759,-0.044527,0.020559,0.02377,-0.017589,-0.023186,-0.018212,-0.023596,-0.025217,-0.030349,-0.045036,-0.068294,-0.067612,-0.055844
0,0,0,0,-0.033644,-0.046859,-0.10223,-0.099581,-0.09177,-0.097862,-0.10553,-0.082207,-0.059986,-0.049851,0,0,0,0,-0.053251,-0.039793,-0.012393,0.0042382,-0.019063,-0.019939,-0.015004,-0.018646,-0.022689,-0.029318,0,0,0,-0.069895
0,0,0,0,-0.077647,-0.051723,-0.097934,-0.094187,-0.09469,-0.09887,-0.096772,-0.069347,-0.044026,0,0,0,0,0,-0.034398,-0.029502,0.0035952,0.011861,-0.0019604,-0.0046666,-0.0032948,0.0038788,0.00236,0,0,0,0,0
0,0,0,-0.13244,-0.058598,-0.063304,-0.090313,-0.085036,-0.088846,-0.083776,-0.078944,-0.060171,-0.044392,0,-0.025554,0,-0.0037437,-0.0033036,-0.032192,-0.019571,0.017163,0.017982,0.020533,0.027387,0.02576,0.032008,0.026068,0,0,0,0,0
0,0,-0.041709,-0.090109,-0.036926,-0.077376,-0.068995,-0.056571,-0.065389,-0.064248,-0.066935,-0.067238,-0.060673,-0.047062,-0.042974,-0.033484,-0.019622,0,-0.036059,0.0029706,0.043793,0.034163,0.036134,0.049109,0.055202,0.051593,0,0,0,0,0,0
0.006113,-0.083134,-0.069919,-0.075556,-0.087789,-0.089255,-0.069351,-0.04666,-0.042142,-0.041409,-0.053286,-0.062397,-0.051471,-0.049061,-0.039696,-0.026051,-0.0093625,0,-0.007237,0.02173,0.048458,0.041106,0.046317,0.067814,0.064235,0.064285,0,0,0,0,0,0
-0.030198,-0.066154,-0.068264,-0.1018,-0.10254,-0.084138,-0.068561,-0.056071,-0.04146,-0.047181,-0.066287,-0.062898,-0.032724,-0.041183,-0.011602,0.013069,0.034618,0.039598,0.028488,0.028302,0.035295,0.050277,0.061609,0.082051,0.073734,0,0,0,0,0,0,0
-0.12768,-0.14403,-0.12992,-0.12079,-0.094752,-0.087867,-0.090608,-0.079644,-0.063217,-0.059371,-0.092696,0,0,-0.053394,0.011342,0.058639,0.073365,0.062728,0.046224,0.038466,0.039265,0.069799,0.065706,0.055106,0,0,0,0,0,0,0,0
-0.12513,-0.14426,-0.12677,-0.11734,-0.11175,-0.11767,-0.12175,-0.10321,-0.078972,-0.062199,-0.078354,-0.096181,-0.078696,-0.030455,0.020062,0.056089,0.064418,0.047051,0.03354,0.034717,0.038647,0.081789,0.073945,0.090517,0,0,0,0,0,0,0,0
-0.15338,-0.13405,-0.10953,-0.133,-0.15794,-0.15448,-0.13553,-0.10006,-0.058499,-0.035725,-0.037625,-0.047366,-0.04642,-0.0047478,0.028639,0.024294,0.021121,0.016862,0.029434,0.044756,0.057937,0.093222,0.12147,0.11747,0,0,0,0,0,0,0,0
-0.12473,-0.10708,-0.10913,-0.14555,-0.1646,-0.15049,-0.11613,-0.057779,-0.0077302,0.0073144,0.0059211,-0.0084677,-0.024012,0.009575,0.033243,0.010962,0.0027874,0.024469,0.059976,0.072902,0.080096,0.094823,0,0,0,0,0,0,0,0,0,0
-0.065184,-0.088683,-0.11998,-0.14127,-0.13316,-0.10869,-0.064544,-0.00038632,0.040262,0.049583,0.037926,0.028058,0.017558,0.035761,0.05226,0.03407,0,0,0.0777,0.079465,0.093615,0.099611,0,0,0,0,0,0,0,0,0,0
-0.083461,-0.099762,-0.11989,-0.10875,-0.086024,-0.060554,-0.019011,0.033515,0.067347,0.06309,0.054385,0.038926,0.036885,0.046607,0.056889,0.033293,0.0095749,0.042365,0.067906,0.087628,0.10378,0.10339,0,0,0,0,0,0,0,0,0,0
-0.064944,-0.09799,-0.10986,-0.08317,-0.055925,-0.029956,0.0076145,0.049595,0.079682,0.078436,0.06184,0.049349,0.055296,0.059579,0.061397,0.040113,0.0086603,0,0,0.10407,0.1073,0.1056,0.11043,0.045348,0,0,0,0,0,0,0,0
-0.044544,-0.084655,-0.093619,-0.064917,-0.040227,-0.026725,0.0052595,0.04293,0.073912,0.084795,0.064256,0.049219,0.055008,0.057264,0.065382,0.057303,0.037282,0,0,0,0.10069,0.10217,0.089569,0.026718,-0.0082814,0,0,0,0,0,0,0
-0.037323,-0.064989,-0.074573,-0.074194,-0.051043,-0.036087,-0.013115,0.020268,0.045777,0.055426,0.04703,0.03212,0.0354,0.040777,0.054591,0.066347,0.078642,0,0,0,0.085215,0.090406,0.098537,0.066345,0.013282,0,0,0,0,0,0,0
-0.036378,-0.063413,-0.077524,-0.074068,-0.046267,-0.028873,-0.014303,0.010768,0.036053,0.045354,0.032938,0.013175,0.023814,0.034003,0.055365,0.078921,0.10493,0.10441,0,0,0,0.11237,0,0,0,0,0,0,0,0,0,0
-0.033264,-0.058138,-0.078331,-0.080579,-0.046348,-0.020148,-0.008792,0.012163,0.034483,0.035154,0.010235,0.0012805,0.01297,0.021162,0.055575,0.090609,0.11802,0.13606,0,0,0.098657,0.1373,0.14198,0.10955,0,0,0,0,0,0,0,0
-0.057868,-0.065914,-0.070179,-0.071205,-0.040975,-0.013023,0.0023769,0.033503,0.050108,0.040557,0.0093221,0.0034768,0.0086405,0.0083636,0.046332,0.09537,0.12962,0.15398,0.13251,0,0.099932,0.12306,0.14429,0.11975,0.098822,0.073937,0,0,0,0,0,0
-0.050562,-0.05461,-0.047858,-0.044025,-0.012301,0.013547,0.03468,0.063136,0.067547,0.054697,0.039359,0.029564,0.011975,0.00021584,0.028132,0.074659,0.11807,0.15227,0.15734,0.14951,0,0.13275,0.13922,0.13776,0.13986,0.098081,0,0,0,0,0,0
-0.024657,-0.029971,-0.02016,-0.010747,0.017863,0.044254,0.065582,0.086103,0.09275,0.083895,0.069397,0.058349,0.032637,0.0097144,0.025736,0.064718,0.10479,0.14127,0.16996,0.16883,0.19313,0.15111,0.12919,0.13516,0.1417,0.12442,0.081433,0.076032,0,0,0,0
-0.018968,-0.021624,-0.0051579,0.019433,0.052304,0.077766,0.094526,0.10506,0.11644,0.11686,0.10464,0.10088,0.071781,0.042834,0.044465,0.070368,0.10319,0.13442,0.16146,0.16875,0.17673,0.14742,0.11454,0.111,0.11844,0.11472,0.088261,0.05345,0.024429,0,0,0
-0.0054924,-0.020587,-0.00063459,0.038316,0.080718,0.10064,0.11284,0.11846,0.13324,0.14279,0.13724,0.13941,0.1197,0.080786,0.076705,0.092619,0.10553,0.1433,0.16514,0.16847,0.162,0.13716,0.098065,0.087532,0.081152,0.073728,0.069604,0.075127,0.061002,0.046768,0.03189,-0.0017715
-0.0031999,-0.01364,0.012917,0.04445,0.084116,0.10396,0.11343,0.11798,0.12795,0.15133,0.15143,0.16036,0.15243,0.12327,0.11332,0.11172,0.11925,0.14365,0.1601,0.15411,0.14397,0.1231,0.087222,0.068682,0.05996,0.057083,0.056422,0.0692,0.068938,0.067801,0.056109,0.038378
-0.0032968,-0.010985,0.024674,0.04782,0.084896,0.10909,0.12291,0.11829,0.12073,0.14428,0.1427,0.15704,0.16296,0.13935,0.13265,0.12401,0.12053,0.13584,0.15227,0.1356,0.1308,0.12166,0.088472,0.072481,0.062661,0.064433,0.063654,0.066953,0.072594,0.08468,0.082876,0.074801
0.0025972,-0.00036035,0.032452,0.05095,0.074031,0.10488,0.12504,0.13161,0.1355,0.14995,0.14665,0.15593,0.14384,0.13021,0.13468,0.12413,0.11885,0.14125,0.14257,0.11955,0.11541,0.1085,0.08791,0.071689,0.066933,0.065133,0.051917,0.060886,0.093521,0.10515,0.10348,0.08194
0.0014571,-0.0056366,0.030348,0.04543,0.063721,0.10175,0.12482,0.13115,0.13738,0.15107,0.15527,0.15838,0.13164,0.11123,0.11881,0.10656,0.11193,0.1391,0.12862,0.11242,0.10589,0.092219,0.076347,0.061022,0.06679,0.069704,0.062227,0.062755,0.076858,0.090599,0.087997,0.060938
-1.2445e-05,-0.0079878,0.028352,0.036076,0.058776,0.099126,0.11687,0.11857,0.12788,0.15124,0.1597,0.17871,0.14979,0.11043,0.10464,0.084951,0.088379,0.10794,0.10349,0.095652,0.096349,0.091833,0.086335,0.073094,0.078547,0.079332,0.066405,0.066028,0.066907,0.076418,0.07287,0.048594
0.0023789,0.00029327,0.027417,0.036919,0.063826,0.094609,0.10079,0.10272,0.12514,0.14825,0.15856,0.18934,0.16864,0.12384,0.098343,0.06461,0.061867,0.078896,0.077437,0.082269,0.090405,0.099536,0.088802,0.08067,0.086176,0.089501,0.074956,0.060046,0.052218,0.060154,0.06889,0.032877
-0.00044624,0.0052188,0.027013,0.041323,0.06703,0.088641,0.088053,0.095826,0.1233,0.14332,0.1531,0.17789,0.16389,0.12753,0.098777,0.055712,0.041572,0.05278,0.064636,0.078986,0.09579,0.094947,0.08149,0.07782,0.097067,0.10371,0.087513,0.062432,0.035195,0.045407,0.069535,0.029752
0.013509,0.0046875,0.013503,0.022892,0.056162,0.079484,0.080642,0.089646,0.11567,0.13559,0.144,0.16011,0.13926,0.10702,0.088324,0.053892,0.028008,0.041401,0.065666,0.077221,0.092447,0.085677,0.079849,0.08239,0.10383,0.11114,0.094304,0.065198,0.031367,0.038403,0.058292,0.028048
0.021309,0.0061561,0.0088446,0.018245,0.051954,0.075887,0.079352,0.090487,0.11966,0.14059,0.14048,0.1388,0.10182,0.073576,0.066898,0.040478,0.022729,0.038576,0.065384,0.072105,0.065558,0.063186,0.07056,0.075828,0.09092,0.11185,0.099035,0.062116,0.037697,0.048869,0.069486,0.029243
0.017737,0.0031131,0.0083555,0.01933,0.052734,0.083648,0.089993,0.10617,0.13608,0.12854,0.10524,0.08386,0.06151,0.046676,0.042894,0.028587,0.030537,0.051386,0.059814,0.054774,0.043815,0.035226,0.05088,0.054671,0.072436,0.097031,0.092333,0.059122,0.041144,0.05186,0.063546,0.04335
0.02037,0.012282,0.012547,0.020206,0.060136,0.089334,0.10636,0.12861,0.13369,0.10225,0.064024,0.050829,0.048429,0.040788,0.027334,0.014885,0.022132,0.045659,0.054769,0.049282,0.045167,0.035243,0.044393,0.053644,0.071711,0.082146,0.070453,0.049245,0.04127,0.04705,0.053787,0.053384
0.020286,0.010661,0.011506,0.025469,0.062593,0.095428,0.11625,0.14226,0.12749,0.080533,0.041234,0.02777,0.034809,0.029017,0.018188,0.0037586,0.0075227,0.022208,0.032173,0.037085,0.045248,0.055022,0.071459,0.091988,0.094524,0.078379,0.062169,0.041043,0.028826,0.026836,0.026042,0.046257
0.019091,0.012161,0.012903,0.025375,0.060158,0.090183,0.116,0.14167,0.12012,0.069729,0.032482,0.0049004,0.0092165,0.012617,0.011881,-0.0047648,-0.010816,-0.015058,-0.0077096,0.016377,0.040508,0.062782,0.088872,0.11143,0.10179,0.067503,0.055941,0.035931,0.016804,0.012735,0.016161,0.040639
0.040674,0.032003,0.021618,0.027962,0.062878,0.087079,0.11611,0.13663,0.1097,0.078611,0.043495,0.014801,0.0095308,0.010272,0.005621,-0.0098655,-0.035288,-0.047524,-0.029686,0.011447,0.040216,0.068481,0.10251,0.12398,0.10495,0.076759,0.06994,0.050862,0.035908,0.030764,0.03365,0.046785
0.050861,0.033576,0.015453,0.026,0.062492,0.08722,0.11894,0.13173,0.11007,0.09042,0.052137,0.023889,0.017328,0.0037083,-0.0068544,-0.030653,-0.056374,-0.064647,-0.037497,0.012612,0.048708,0.089881,0.11955,0.12448,0.10538,0.094355,0.088048,0.07602,0.073085,0.064696,0.052986,0.051911
0.043086,0.021378,0.014483,0.029561,0.063145,0.094521,0.12801,0.12577,0.11097,0.09945,0.073184,0.037916,0.0097945,-0.011081,-0.043512,-0.064332,-0.064767,-0.060593,-0.035021,0.010021,0.069418,0.10003,0.11763,0.11629,0.10425,0.094079,0.095157,0.087273,0.082546,0.064747,0.048541,0.057368
0.043391,0.027077,0.032108,0.042702,0.070268,0.10304,0.1268,0.11714,0.10408,0.099185,0.091978,0.061036,0.012123,-0.034324,-0.079929,-0.090759,-0.061711,-0.040546,-0.020345,0.021392,0.073925,0.10475,0.11872,0.10778,0.10324,0.094361,0.096652,0.087391,0.073496,0.055276,0.040856,0.040771
0.037975,0.018691,0.034794,0.043253,0.064652,0.096085,0.10801,0.097264,0.10034,0.10729,0.10796,0.075168,0.01503,-0.064854,-0.11987,-0.12628,-0.078965,-0.03328,-0.0050918,0.034997,0.097862,0.1187,0.11528,0.12122,0.1119,0.10003,0.1018,0.095972,0.079404,0.066724,0.039576,0.035274
0.025013,0.0031427,0.026275,0.042287,0.054209,0.077369,0.086056,0.080766,0.088266,0.10984,0.11154,0.069362,0.011543,-0.082952,-0.14609,-0.16149,-0.12033,-0.069716,-0.018962,0.043496,0.10527,0.12506,0.14029,0.13441,0.11165,0.10352,0.1093,0.10538,0.10119,0.095835,0.060472,0.033215
0.0088909,-0.0028955,0.0090973,0.036686,0.050821,0.071578,0.075373,0.073436,0.092029,0.1051,0.10125,0.078422,0.011756,-0.076679,-0.14075,-0.16066,-0.13404,-0.08563,-0.022588,0.045558,0.10577,0.13789,0.14902,0.14596,0.11437,0.10041,0.10813,0.11374,0.10932,0.089531,0.052555,0.025817
-0.0063718,-0.013672,-0.0066761,0.032233,0.051123,0.067683,0.071476,0.078397,0.096456,0.10406,0.098941,0.080471,0.028878,-0.058469,-0.11558,-0.13435,-0.10997,-0.06146,-0.010724,0.052849,0.10871,0.14779,0.1656,0.14669,0.10961,0.094294,0.098066,0.10402,0.08924,0.067535,0.035506,0.029013
-0.0096656,-0.021425,-0.011208,0.025884,0.054079,0.069617,0.077137,0.091819,0.11437,0.10681,0.098032,0.091411,0.047526,-0.033236,-0.093995,-0.1233,-0.10434,-0.062251,-0.018277,0.04358,0.10471,0.14542,0.15365,0.13043,0.10552,0.095139,0.10318,0.10525,0.081468,0.054851,0.027935,0.029437
-0.0096066,-0.026691,-0.0095568,0.024539,0.051425,0.067991,0.081925,0.10817,0.12585,0.12468,0.11842,0.10945,0.064575,-0.013025,-0.080408,-0.12126,-0.10818,-0.06673,-0.02893,0.020085,0.07444,0.11051,0.11757,0.10494,0.11077,0.1125,0.12468,0.12345,0.080288,0.038699,0.014975,0.017326
-0.0075736,-0.0066295,0.021789,0.033586,0.04261,0.064131,0.085471,0.11759,0.13412,0.13528,0.1303,0.11027,0.059801,-0.015613,-0.074127,-0.10562,-0.1,-0.071421,-0.045375,-0.011652,0.0318,0.066029,0.092207,0.090011,0.10962,0.12332,0.13499,0.11799,0.069927,0.027582,0.0077661,0.0058303
-0.025585,-0.0016477,0.026639,0.039877,0.053786,0.081255,0.1073,0.13507,0.14088,0.13165,0.1217,0.10114,0.054906,-0.005867,-0.056951,-0.088646,-0.10994,-0.093418,-0.061052,-0.043573,-0.015086,0.028633,0.065047,0.081989,0.10065,0.12508,0.13896,0.11823,0.064703,0.0094279,-0.017092,-0.011495
-0.032157,-0.00068417,0.0316,0.051164,0.063761,0.091075,0.12259,0.14222,0.14116,0.14213,0.13183,0.11755,0.073052,0.0084611,-0.062086,-0.1168,-0.13888,-0.10861,-0.070337,-0.054819,-0.034449,0.014364,0.067243,0.081715,0.099989,0.12146,0.12961,0.10092,0.041393,-0.0028402,-0.028165,-0.023455
-0.020691,0.015049,0.051411,0.066635,0.068649,0.088827,0.11717,0.13434,0.13929,0.14599,0.14352,0.13204,0.076543,-0.0066409,-0.082161,-0.12728,-0.14361,-0.11656,-0.077815,-0.054885,-0.028612,0.0087729,0.053933,0.076292,0.096697,0.12083,0.11259,0.068211,0.011262,-0.019246,-0.034024,-0.031729
-0.016214,0.016794,0.049535,0.064708,0.071542,0.090901,0.12054,0.13994,0.14824,0.15531,0.14418,0.12824,0.067279,-0.015979,-0.087312,-0.12179,-0.14044,-0.14107,-0.1022,-0.063821,-0.035152,0.0023762,0.043559,0.072229,0.10424,0.12103,0.097969,0.04688,0.0036024,-0.020929,-0.040228,-0.034335
-0.013154,0.021491,0.047605,0.058688,0.073237,0.094284,0.12524,0.15175,0.16686,0.16234,0.13531,0.11448,0.051346,-0.015338,-0.082609,-0.1299,-0.15635,-0.15957,-0.12115,-0.082896,-0.050415,-0.0021672,0.039728,0.070536,0.1002,0.10308,0.075316,0.043816,0.025564,0.0017141,-0.045967,-0.051735
-0.013117,0.028629,0.051859,0.064491,0.086759,0.10711,0.13132,0.15585,0.17212,0.16158,0.1383,0.11156,0.054751,-0.023098,-0.10067,-0.16086,-0.18407,-0.16938,-0.13137,-0.10027,-0.066526,-0.013934,0.0324,0.062396,0.078974,0.067327,0.038974,0.033494,0.040423,0.013458,-0.048002,-0.062344
0.0011004,0.032909,0.052105,0.07843,0.10611,0.12363,0.13988,0.1612,0.17595,0.16132,0.13922,0.11021,0.049544,-0.047816,-0.14042,-0.19031,-0.19671,-0.17677,-0.13504,-0.095303,-0.059792,-0.018847,0.022316,0.042549,0.048819,0.039274,0.025142,0.028788,0.035264,0.008196,-0.047229,-0.070388
0.018437,0.052189,0.064976,0.083745,0.11351,0.13603,0.14638,0.16826,0.18111,0.17258,0.14849,0.10773,0.022292,-0.078957,-0.15819,-0.19343,-0.19685,-0.18378,-0.14699,-0.094639,-0.05073,-0.01294,0.020802,0.029197,0.024335,0.017968,0.02776,0.034933,0.030149,0.001027,-0.044145,-0.067868
0.050866,0.074886,0.074831,0.082654,0.11117,0.13826,0.15559,0.17391,0.19157,0.18778,0.1666,0.10415,-0.0094136,-0.095956,-0.15932,-0.18391,-0.20781,-0.20714,-0.17132,-0.11124,-0.058703,-0.016945,0.011707,0.02194,0.013441,0.0049476,0.024242,0.035512,0.030281,-0.011081,-0.051777,-0.0837
0.075902,0.088999,0.078433,0.073846,0.099602,0.13826,0.16378,0.18211,0.19778,0.19414,0.16418,0.10146,-0.019765,-0.10294,-0.15768,-0.19724,-0.24796,-0.25231,-0.18485,-0.11602,-0.072254,-0.036713,-0.0016245,0.011989,0.010275,0.0061401,0.014018,0.0247,0.020357,-0.018739,-0.061562,-0.10129
0.085881,0.09075,0.07931,0.073718,0.096763,0.12992,0.16096,0.18458,0.19836,0.1829,0.15532,0.097198,-0.014748,-0.11311,-0.17051,-0.20328,-0.26615,-0.24682,-0.16797,-0.10593,-0.075062,-0.043099,-0.0058603,0.015395,0.025462,0.024627,0.017482,0.019826,-0.0019163,-0.036718,-0.082212,-0.10866
0.092142,0.091519,0.08679,0.090248,0.11093,0.1362,0.16535,0.18371,0.19244,0.15721,0.1257,0.077034,-0.017329,-0.097618,-0.15965,-0.1895,-0.23475,-0.22377,-0.15105,-0.1085,-0.089414,-0.056474,-0.021086,0.002232,0.013521,0.025753,0.015834,0.006512,-0.02213,-0.062686,-0.10139,-0.11906
0.094561,0.096178,0.10739,0.12377,0.13953,0.14668,0.16221,0.16817,0.15608,0.11485,0.079778,0.053328,-0.012987,-0.085401,-0.15502,-0.20792,-0.2416,-0.22881,-0.16728,-0.12892,-0.097889,-0.064161,-0.030386,-0.010544,0.0067303,0.020255,0.019461,0.0066672,-0.026711,-0.066053,-0.10007,-0.11473
0.099065,0.10859,0.13244,0.15626,0.16205,0.15441,0.14277,0.13284,0.11844,0.088528,0.068833,0.039387,-0.020556,-0.095297,-0.16638,-0.23398,-0.26232,-0.244,-0.18415,-0.13929,-0.10046,-0.071643,-0.042963,-0.023548,0.003553,0.022519,0.026024,0.0079997,-0.023163,-0.06409,-0.091884,-0.10976
0.10892,0.12452,0.15021,0.17218,0.17262,0.15371,0.12859,0.11858,0.10466,0.079113,0.062035,0.029657,-0.044912,-0.1203,-0.19196,-0.24882,-0.28617,-0.27157,-0.20688,-0.14617,-0.10462,-0.069908,-0.043406,-0.026793,0.00033133,0.014398,0.011792,-0.0036243,-0.02485,-0.055384,-0.083626,-0.10524
0.11448,0.13751,0.15637,0.1712,0.16612,0.14143,0.11373,0.10833,0.10362,0.07827,0.055756,0.021798,-0.066792,-0.14489,-0.22833,-0.28331,-0.31289,-0.29547,-0.22283,-0.15638,-0.10621,-0.066845,-0.042254,-0.027249,-0.0095822,0.0040522,-0.0034085,-0.016863,-0.034028,-0.047572,-0.073111,-0.091255
0.125,0.16164,0.17788,0.17688,0.15544,0.12463,0.09421,0.091882,0.09749,0.072462,0.046812,0.010572,-0.070036,-0.13705,-0.23485,-0.29401,-0.31688,-0.29487,-0.22627,-0.1709,-0.11742,-0.082874,-0.056421,-0.045621,-0.018074,-0.0021247,-0.013457,-0.027172,-0.034208,-0.044783,-0.061652,-0.084503
0.13041,0.16536,0.18189,0.17116,0.14069,0.11087,0.082702,0.072956,0.078777,0.057249,0.019726,-0.018671,-0.085197,-0.14644,-0.2426,-0.31014,-0.3198,-0.27831,-0.21814,-0.17371,-0.11678,-0.089356,-0.073226,-0.051802,-0.02058,-0.013873,-0.027222,-0.044273,-0.035831,-0.036487,-0.051408,-0.085202
0.14481,0.16551,0.17772,0.15731,0.12748,0.099361,0.076294,0.062169,0.069331,0.04328,0.0054852,-0.03383,-0.099425,-0.16926,-0.25641,-0.31729,-0.32804,-0.27936,-0.21797,-0.16884,-0.12124,-0.081256,-0.06702,-0.049583,-0.021674,-0.010705,-0.023377,-0.032244,-0.026659,-0.034007,-0.04971,-0.085842
0.15712,0.16593,0.16962,0.15574,0.11509,0.083334,0.064087,0.051575,0.051001,0.034707,0.0016813,-0.04055,-0.11306,-0.19145,-0.26684,-0.30873,-0.33115,-0.30814,-0.24018,-0.1812,-0.13064,-0.091741,-0.061903,-0.039195,-0.023974,-0.017908,-0.021094,-0.021912,-0.017882,-0.030923,-0.059314,-0.095534
0.15526,0.1505,0.15649,0.14739,0.10359,0.067792,0.049533,0.037267,0.0423,0.034295,0.0069338,-0.043628,-0.12586,-0.21341,-0.289,-0.32002,-0.345,-0.33683,-0.26359,-0.192,-0.1451,-0.10604,-0.072524,-0.047473,-0.036008,-0.029156,-0.028755,-0.026388,-0.02265,-0.036908,-0.061877,-0.084115
0.10591,0.112,0.1209,0.12277,0.093926,0.056542,0.036776,0.032809,0.040873,0.032609,0.00067792,-0.039751,-0.13044,-0.23311,-0.3232,-0.35783,-0.37591,-0.35556,-0.27512,-0.20036,-0.1502,-0.11155,-0.083105,-0.062814,-0.048949,-0.041365,-0.031692,-0.021862,-0.021643,-0.035341,-0.052926,-0.066939
0.033235,0.040777,0.050979,0.064204,0.058026,0.041437,0.031717,0.036676,0.05321,0.040315,0.0029091,-0.037723,-0.13326,-0.24557,-0.34118,-0.37853,-0.38491,-0.36461,-0.28066,-0.20682,-0.15108,-0.1166,-0.089817,-0.082435,-0.07075,-0.053614,-0.032448,-0.020844,-0.024434,-0.037643,-0.052065,-0.058184
-0.017694,-0.02482,-0.026175,-0.00027843,0.0090929,0.022908,0.032783,0.044714,0.06429,0.051004,0.0092546,-0.033752,-0.12462,-0.24207,-0.33607,-0.37068,-0.37774,-0.36393,-0.28635,-0.20839,-0.14827,-0.1197,-0.095866,-0.088389,-0.081101,-0.061333,-0.035361,-0.02788,-0.032729,-0.038923,-0.039519,-0.027955
0,-0.065671,-0.11035,-0.065152,-0.036867,-0.0041902,0.027967,0.048128,0.055956,0.040638,0.0015065,-0.04001,-0.11917,-0.2281,-0.33713,-0.38306,-0.39209,-0.37828,-0.29983,-0.21597,-0.15321,-0.11758,-0.098081,-0.08745,-0.075949,-0.059086,-0.037755,-0.033754,-0.037098,-0.031617,-0.024607,-0.001892
0,0,-0.21024,-0.14798,-0.071893,-0.022746,0.014969,0.038442,0.040327,0.027952,-0.00015636,-0.039108,-0.10411,-0.21156,-0.33347,-0.40507,-0.42267,-0.39494,-0.31115,-0.22184,-0.15585,-0.12153,-0.107,-0.094246,-0.077148,-0.056856,-0.037105,-0.026653,-0.030483,-0.020565,-0.0017039,0.018416
0,0,-0.032406,-0.094307,-0.074436,-0.0062342,0.042508,0.04856,0.033247,0.0085339,-0.017385,-0.03892,-0.089651,-0.17996,-0.29922,-0.38971,-0.42955,-0.41056,-0.31743,-0.22877,-0.16454,-0.13602,-0.11708,-0.10383,-0.074343,-0.053509,-0.034449,-0.016601,-0.018905,-0.017097,0.010218,0.037728
0,0,0,-0.06095,-0.045309,0.0013711,0.033815,0.041536,0.033311,4.6764e-06,-0.026089,-0.041773,-0.087607,-0.15521,-0.26554,-0.38051,-0.43964,-0.41605,-0.32311,-0.23271,-0.1768,-0.1473,-0.13196,-0.10724,-0.077665,-0.058387,-0.039046,-0.022056,-0.016747,-0.0073103,0.0077082,0.028702
0,0,0,0,-0.0253,0.004312,0.020421,0.028828,0.032233,0.0079344,-0.016241,-0.039384,-0.089922,-0.16544,-0.27735,-0.40144,-0.45756,-0.42062,-0.32679,-0.23748,-0.18673,-0.15326,-0.12751,-0.10453,-0.076917,-0.057155,-0.043683,-0.03178,-0.013395,-0.002457,0.0029796,0.014917
0,0,0,0,0,0,0.0065193,0.021568,0.029602,0.014671,-0.0096508,-0.028261,-0.07873,-0.16512,-0.2904,-0.42167,-0.47438,-0.43341,-0.333,-0.24014,-0.19524,-0.15904,-0.12579,-0.099518,-0.079387,-0.06417,-0.052135,-0.026905,-0.0049145,-0.00066531,-0.0008389,0.0076306
0,0,0,0,0,0,0.013512,0.025627,0.029933,0.01845,-0.013396,-0.023177,-0.068211,-0.14813,-0.28931,-0.43097,-0.49552,-0.46211,-0.35719,-0.26431,-0.20098,-0.15393,-0.1175,-0.09792,-0.084477,-0.068768,-0.053148,-0.026293,-0.005987,-0.0079944,-0.019156,-0.011599
0,0,0,0,0,0,0,0.015906,0.023031,0.018842,-0.0098169,-0.024546,-0.061357,-0.13655,-0.26847,-0.41274,-0.49851,-0.47643,-0.3789,-0.28119,-0.21124,-0.15575,-0.11975,-0.099736,-0.088268,-0.074498,-0.058788,-0.039582,-0.027223,-0.024106,-0.034706,-0.022875
0,0,0,0,0,0,0,-0.0087329,0.002963,0.013054,0.0017736,-0.0021237,-0.037621,-0.13278,-0.27116,-0.41044,-0.50922,-0.50401,-0.40487,-0.30105,-0.21295,-0.15898,-0.12245,-0.1043,-0.085881,-0.067131,-0.054202,-0.03966,-0.02877,-0.033192,-0.034849,-0.022113
0,0,0,-0.039452,-0.037364,0,0,0,0.017044,0.016945,0.018971,0.014577,-0.021788,-0.12569,-0.27433,-0.41724,-0.53041,-0.52673,-0.41895,-0.2986,-0.21319,-0.16511,-0.12531,-0.10717,-0.082289,-0.061048,-0.044476,-0.03432,-0.024774,-0.020083,-0.01662,-0.0053689
0,-0.041796,-0.060569,-0.051232,-0.025053,-0.023591,0,0,-0.00032856,0.018333,0.023686,0.025557,-0.017673,-0.1201,-0.27032,-0.42186,-0.54185,-0.5402,-0.42229,-0.29912,-0.21191,-0.16091,-0.12291,-0.10957,-0.079506,-0.045563,-0.028798,-0.018521,-0.010563,0.00020229,0.0079944,0.017959
-0.086074,-0.056887,-0.064995,-0.044491,-0.0028497,0.01787,0,0,0.025888,0.021458,0.022187,0.020616,-0.027228,-0.12503,-0.27224,-0.42913,-0.55039,-0.53861,-0.42071,-0.29816,-0.21628,-0.16725,-0.11225,-0.086365,-0.06196,-0.028486,-0.0038379,-0.00064043,-0.00066496,0.010154,0.017576,0.0208
-0.026857,-0.031884,-0.019693,0.0077826,0.028661,0.05383,0,0,0.021497,0.0097548,0.038055,0.012596,-0.052467,-0.13854,-0.28,-0.44171,-0.54814,-0.51727,-0.4094,-0.30524,-0.22484,-0.16815,-0.09704,-0.062657,-0.042269,-0.019078,0.010707,0.018701,0.013289,0.019414,0.017987,0.024304
0.022197,-0.011403,0.010008,0.038158,0.0259,0,0,0,0,0.016207,0.045993,-0.0051295,-0.098911,-0.17304,-0.2939,-0.44184,-0.5279,-0.50647,-0.41743,-0.32405,-0.24497,-0.17269,-0.10293,-0.0706,-0.038229,-0.014608,0.0080136,0.0098413,0.014353,0.022913,0.018242,0.019179
0.036761,-0.0016838,0.01764,0.044814,0.0040794,0,0.11311,0.085611,0,0.014619,0.017625,-0.050939,-0.14535,-0.21125,-0.30827,-0.44309,-0.54101,-0.5468,-0.45946,-0.34773,-0.2514,-0.18301,-0.11258,-0.073587,-0.037278,-0.014939,-0.0049045,0.0067214,0.023205,0.028565,0.01918,0.016141
0.072955,0.037552,0.048768,0.066839,0.069593,0.12072,0.14362,0.13187,0,0,-0.0033838,-0.093848,-0.17936,-0.23196,-0.31358,-0.42808,-0.55499,-0.60208,-0.53515,-0.40207,-0.26313,-0.18564,-0.11723,-0.059023,-0.027761,-0.014725,-0.0049077,0.02147,0.038142,0.036993,0.028568,0.021441
0.15038,0.06123,0.055542,0.066212,0.088167,0.12127,0.14248,0.14685,0,0,0,-0.10244,-0.18945,-0.22856,-0.28381,-0.37238,-0.49604,-0.58195,-0.58684,-0.48662,-0.33668,-0.2396,-0.1454,-0.072747,-0.028485,-0.015304,-0.00063533,0.024842,0.040521,0.041887,0.033217,0.025458
0,0,0.041384,0.053802,0.072945,0.11988,0.15905,0.17219,0.16987,0.14379,0.053497,0,-0.13154,-0.19079,-0.22781,-0.29709,-0.38342,-0.4854,-0.61151,-0.59289,-0.44961,-0.35245,-0.22144,-0.12476,-0.051241,-0.025755,-0.0087281,0.014174,0.038766,0.048182,0.036212,0.037752
-0.10183,0,0,0.043179,0.068279,0.099838,0.14001,0.1708,0.18759,0.18547,0.12637,0,-0.048237,-0.11279,-0.15366,-0.22888,-0.3186,-0.35586,0,-0.6414,-0.53392,-0.43458,-0.31342,-0.19419,-0.09473,-0.053811,-0.03383,-0.0019175,0.037709,0.054929,0.042076,0.037619
0.0096982,0.0017001,0.014176,0.034454,0.052488,0.080424,0.13615,0.17893,0.19792,0.19075,0.14928,0.072013,0.02233,-0.039908,-0.097706,0,0,0,0,0,0,-0.52842,-0.40583,-0.27182,-0.14505,-0.089523,-0.05964,-0.025392,0.014754,0.035301,0.026327,0.019903
-0.000558,0.0084957,0.015488,0.047977,0.067545,0.097986,0.13093,0.1811,0.20122,0.19332,0.13949,0,0,0,0,0,0,0,0,0,0,0,-0.44665,-0.37685,-0.21671,-0.11127,-0.063,-0.023276,0.0073532,0.011957,-0.0044471,-0.0084244
0.052966,0.05075,0.058629,0.087392,0.098525,0.11568,0.14615,0.18648,0.20742,0.19488,0,0,0,0,0,0,0,0,0,0,0,0,0,0,-0.28083,-0.14372,-0.06838,-0.018449,0.0038275,-0.0037516,-0.017488,-0.01561
0.051614,0.028936,0.049264,0.087808,0.098246,0.12698,0.16669,0.18734,0.19592,0.1684,0,0,0,0,0,0,0,0,0,0,0,0,0,0,0,-0.16992,-0.063481,-0.032585,-0.023738,-0.041552,-0.052561,-0.057239
0.025754,0.019462,0.049959,0.077007,0.092633,0.11106,0.16127,0.17864,0.18442,0.17425,0,0,0,0,0,0,0,0,0,0,0,0,0,0,0,-0.24677,-0.18417,-0.16135,-0.15793,-0.15587,-0.13238,0
0.0054405,0.023214,0.051098,0.070882,0.10883,0.14241,0.16907,0.18486,0.18769,0.16633,0,0,0,0,0,0,0,0,0,0,0,0,0,0,0,0,0,0,0,0,0,0
0.0034774,0.023121,0.03759,0.062487,0.11662,0.16148,0.18505,0.19397,0.19705,0.19263,0,0,0,0,0,0,0,0,0,0,0,0,0,0,0,0,0,0,0,0,0,0
0.01639,0.033566,0.037575,0.0663,0.12198,0.16629,0.18771,0.19226,0.20027,0.1911,0.13818,0,0,0,0,0,0,0,0,0,0,0,0,0,0,0,0,0,0,0,0,0
0.024235,0.04753,0.05417,0.081586,0.12685,0.16176,0.18052,0.18806,0.20202,0.18776,0,0,0,0,0,0,0,0,0,0,0,0,0,0,0,0,0,0,0,0,0,0
0.017701,0.042028,0.059641,0.083403,0.12202,0.15921,0.17966,0.18999,0.20009,0.19601,0.14198,0,0,0,0,0,0,0,0,0,0,0,0,0,0,0,0,0,0,0,0,0
0.0047645,0.034169,0.049419,0.078902,0.11725,0.1615,0.18838,0.19772,0.19712,0.20606,0.18192,0.15317,0,0,0,0,0,0,0,0,0,0,0,0,0,0,0,0,0,0,0,0
0.0027933,0.026736,0.04356,0.077125,0.12318,0.17014,0.19455,0.20435,0.21333,0.22661,0.2149,0.1934,0,0,0,0,0,0,0,0,0,0,0,0,0,0,0,0,0,0,0,0
0.0083692,0.02886,0.049021,0.080734,0.1354,0.17513,0.19649,0.21377,0.24241,0.2502,0.23633,0.21287,0.16922,0,0,0,0,0,0,0,0,0,0,0,0,0,0,0,0,0,0,0
0.014809,0.039576,0.054406,0.094773,0.13975,0.17241,0.20421,0.23508,0.26854,0.2769,0.24759,0.21232,0.17386,0,0,0,0,0,0,0,0,0,0,0,0,0,0,0,0,0,0,0
0.022785,0.042831,0.066113,0.10223,0.13313,0.17376,0.215,0.25111,0.28758,0.28676,0.24039,0.20919,0.18881,0,0,0,0,0,0,0,0,0,0,0,0,0,0,0,0,0,0,0
0.015821,0.039003,0.063752,0.10297,0.13724,0.18074,0.22566,0.25971,0.28043,0.2771,0.24763,0.22144,0.18765,0.14732,0.1257,0,0,0,0,0,0,0,0,0,0,0,0,0,0,0,0,0
0.0118,0.02949,0.062788,0.10081,0.13893,0.17981,0.21859,0.24971,0.26932,0.27551,0.26024,0.22871,0.18572,0.15291,0.1329,0.066368,0,0,0,0,0,0,0,0,0,0,0,0,0,0,0,-0.073754
0.004593,0.023483,0.066398,0.10737,0.14248,0.17979,0.21382,0.2517,0.26911,0.28141,0.26742,0.2216,0.17703,0.15668,0.13387,0.10381,0,0,0,0,0,0,0,0,0,0,0,0,0,-0.023471,-0.038166,-0.012337
0.0043042,0.027132,0.074901,0.11584,0.14894,0.18162,0.22349,0.25137,0.26543,0.27993,0.25471,0.20472,0.1637,0.14515,0.12509,0.11391,0.1005,0,0,0,0,0,0,0,0,0,0,0,-0.037551,-0.040968,-0.03431,-0.00023642
0.01299,0.036346,0.080841,0.12621,0.15561,0.19118,0.22786,0.25502,0.26846,0.27335,0.24866,0.18957,0.1475,0.13093,0.11584,0.10787,0.094602,0,0,0,0,0,0,0,0,0,0,0,-0.10234,-0.063931,-0.044876,-0.015511
0.026728,0.047954,0.091619,0.13118,0.16186,0.1959,0.22936,0.2585,0.2759,0.27404,0.24568,0.17349,0.12647,0.11909,0.11332,0.10079,0.091337,0.070113,0,0,0,0,0,0,0,0,0,-0.15504,-0.14346,-0.08756,-0.057535,-0.019188
0.043939,0.073204,0.11373,0.15497,0.17469,0.19588,0.23386,0.26704,0.2817,0.26706,0.23317,0.17022,0.12487,0.10645,0.10083,0.10452,0.094359,0.069545,0,0,0,0,0,0,0,-0.074281,-0.089824,-0.12628,-0.13789,-0.116,-0.07509,-0.039075
0.045095,0.091622,0.13665,0.1756,0.19183,0.21181,0.24766,0.27174,0.27992,0.25708,0.21346,0.15458,0.10899,0.083504,0.085774,0.1039,0.095782,0.066812,0,0,0,0,-0.052039,-0.048898,-0.047988,-0.062252,-0.092737,-0.12703,-0.15763,-0.13843,-0.094256,-0.064918
0.054286,0.10141,0.16031,0.19513,0.21543,0.23737,0.26339,0.27257,0.27152,0.25218,0.20892,0.14513,0.10065,0.07605,0.078186,0.094409,0.09827,0.072784,0.048969,0,0,-0.043216,-0.042048,-0.051108,-0.068429,-0.092036,-0.12042,-0.14616,-0.16395,-0.14935,-0.11439,-0.10044
0.077172,0.11705,0.16738,0.20255,0.2354,0.26346,0.27829,0.2767,0.27149,0.24887,0.19952,0.15204,0.10462,0.075992,0.073913,0.088904,0.086567,0.050528,0.022428,-0.014748,-0.048135,-0.050697,-0.051568,-0.058753,-0.074374,-0.094786,-0.12303,-0.14916,-0.16984,-0.16228,-0.13558,-0.1103
0.11245,0.13817,0.17225,0.21651,0.25958,0.28371,0.29284,0.28267,0.26207,0.23037,0.19086,0.15311,0.10906,0.072914,0.050785,0.054155,0.043423,0.012983,-0.0026192,-0.020644,-0.053006,-0.068915,-0.062548,-0.060649,-0.067975,-0.082603,-0.1069,-0.14639,-0.16826,-0.16357,-0.14616,-0.12267
0.15047,0.16157,0.18952,0.24195,0.28423,0.30858,0.31561,0.29147,0.25149,0.2201,0.19211,0.15602,0.10474,0.053408,0.02447,0.029981,0.025597,0.0051836,0.00051027,-0.012959,-0.042957,-0.068113,-0.065492,-0.062479,-0.061061,-0.070206,-0.085531,-0.12776,-0.15859,-0.16773,-0.1705,-0.14816
0.16843,0.17611,0.21445,0.25936,0.29272,0.32187,0.32894,0.29626,0.24311,0.21199,0.18887,0.15171,0.096259,0.045757,0.022478,0.029354,0.021278,0.0026084,0.01004,0.005974,-0.019796,-0.046165,-0.057557,-0.058792,-0.050517,-0.052507,-0.065568,-0.102,-0.14514,-0.17805,-0.19019,-0.17035
0.17542,0.19236,0.23214,0.26613,0.29533,0.31642,0.32288,0.28516,0.23114,0.19511,0.18353,0.14322,0.093882,0.050295,0.021607,0.030211,0.02765,0.0091037,0.015618,0.020596,0.0098443,-0.010854,-0.032431,-0.050908,-0.044271,-0.040257,-0.051214,-0.087103,-0.13233,-0.17182,-0.18364,-0.16448
0.18929,0.21366,0.24219,0.26278,0.28658,0.30771,0.31121,0.27974,0.22849,0.19393,0.17405,0.1346,0.096192,0.043245,0.01743,0.038848,0.042052,0.01787,0.01631,0.011539,0.01669,0.008498,-0.025741,-0.052144,-0.05289,-0.052095,-0.063834,-0.089854,-0.12695,-0.16047,-0.17252,-0.15542
0.18884,0.21409,0.23731,0.25582,0.28069,0.3077,0.30776,0.2759,0.24579,0.20953,0.17971,0.14572,0.096569,0.027746,0.011735,0.046169,0.05142,0.016976,0.0071043,0.0067418,0.015784,0.022235,-0.0080902,-0.039637,-0.048754,-0.0653,-0.083971,-0.10414,-0.13109,-0.15355,-0.15681,-0.15288
0.18697,0.19765,0.22036,0.25219,0.29561,0.32612,0.30474,0.269,0.24197,0.20777,0.1755,0.14725,0.099287,0.022483,-0.0010544,0.033597,0.042884,0.0173,0.0052104,0.0037341,0.018091,0.027474,0.0070915,-0.015198,-0.034326,-0.060237,-0.089279,-0.11805,-0.14289,-0.15141,-0.14647,-0.14492
0.17938,0.18544,0.22286,0.27357,0.31618,0.32796,0.28134,0.2261,0.19542,0.16072,0.13601,0.11779,0.073823,0.0056803,-0.022163,0.01203,0.024434,0.0037918,-0.0020502,0.0021152,0.0043031,0.020766,0.011261,0.0014844,-0.020374,-0.06125,-0.094403,-0.12368,-0.14134,-0.14562,-0.14306,-0.13452
0.18713,0.19723,0.21082,0.22846,0.25691,0.2551,0.23927,0.16124,0.11453,0.070827,0.072266,0.080737,0.049757,-0.0074216,-0.026552,0.01595,0.0316,0.0051243,-0.0081553,-0.0026244,-0.0044334,0.0016757,0.0078879,0.007711,-0.01035,-0.055622,-0.089799,-0.11211,-0.12837,-0.13882,-0.13831,-0.11792
0.19699,0.19695,0.19126,0,0,0,0,0,0,0,0.049757,0.058537,0.039367,-0.013674,-0.026342,0.026058,0.042707,0.016338,-0.010455,-0.010433,-0.016984,-0.013772,0.0019336,0.0062804,-0.012399,-0.047257,-0.073673,-0.094498,-0.11583,-0.12413,-0.13177,-0.11165
0.19494,0.16963,0,0,0,0,0,0,0,0,0,0,0.029779,-0.0092379,-0.021234,0.033437,0.057794,0.035035,0.0031072,-0.0021255,-0.020626,-0.016111,-0.00025417,0.0074922,-0.018057,-0.042796,-0.059972,-0.085266,-0.11056,-0.1219,-0.13314,-0.11154
0.15063,0,0,0,0,0,0,0,0,0,0,0,0.0095138,-0.018468,-0.030571,0.024068,0.058393,0.036597,0.0032661,0.002579,-0.012128,-0.01423,-0.0011996,0.0054566,-0.016595,-0.032305,-0.043496,-0.072039,-0.1075,-0.1251,-0.13808,-0.11861
0,0,0,0,0,0,0,0,0,0,0,0,0,-0.014662,-0.02801,0.018584,0.046089,0.019172,-0.012722,-0.0061508,-0.012076,-0.012552,-0.0052229,-0.0043081,-0.016957,-0.027754,-0.033644,-0.06387,-0.11694,-0.13682,-0.15495,-0.14111
0,0,0,0,0,0,0,0,0,0,0,0,0,0,-0.010427,0.012431,0.023055,0.0044562,-0.027669,-0.023356,-0.028115,-0.013671,-0.006186,-0.010796,-0.020206,-0.028153,-0.030631,-0.0494,-0.0949,-0.12967,-0.15127,-0.13269
0,0,0,0,0,0,0,0,0,0,0,0,0,0.028219,0.018727,0.025205,0.020542,-0.0034938,-0.037249,-0.037606,-0.03796,-0.025837,-0.007792,-0.010671,-0.02484,-0.030418,-0.036184,-0.040681,-0.07129,-0.10911,-0.12861,-0.13103
0,0,0,0,0,0,0,0,0,0,0,0,0,0.035549,0.039024,0.029572,0.02649,0.0032775,-0.038506,-0.044921,-0.047203,-0.036964,-0.014681,-0.007953,-0.01492,-0.031717,-0.035351,-0.038354,-0.049855,-0.077371,-0.10188,-0.11493
0,0,0,0,0,0,0,0,0,0,0,0,0,0.066258,0.040118,0.023738,0.024888,0.0058365,-0.036574,-0.054313,-0.054952,-0.044211,-0.026377,-0.012341,-0.0081609,-0.025264,-0.040535,-0.038859,-0.035698,-0.054862,-0.08153,-0.096132
