NaN,NaN,NaN,NaN,NaN,NaN,NaN,NaN,NaN,NaN,NaN,NaN,NaN,-0.12219,-0.13365,-0.15034,-0.16377,-0.14556,-0.12423,-0.1243,-0.12355,-0.10486,-0.08571,-0.065136,-0.047031,-0.037972,-0.035494,-0.038532,-0.047732,-0.067106,-0.08593,-0.087567
NaN,NaN,NaN,NaN,NaN,NaN,NaN,NaN,NaN,NaN,NaN,NaN,NaN,-0.14719,-0.15064,-0.15629,-0.17198,-0.15836,-0.1337,-0.12736,-0.12486,-0.10594,-0.084392,-0.066094,-0.053476,-0.035097,-0.024001,-0.025121,-0.035337,-0.053937,-0.077679,-0.089794
NaN,NaN,NaN,NaN,NaN,NaN,NaN,NaN,NaN,NaN,NaN,NaN,NaN,-0.16746,-0.16212,-0.15288,-0.16526,-0.16261,-0.14765,-0.14256,-0.1378,-0.11274,-0.087381,-0.069419,-0.062254,-0.041735,-0.028376,-0.02256,-0.026326,-0.03471,-0.053685,-0.073353
NaN,NaN,NaN,NaN,NaN,NaN,NaN,NaN,NaN,NaN,NaN,NaN,NaN,-0.16894,-0.15655,-0.13492,-0.14511,-0.15506,-0.15461,-0.15781,-0.15137,-0.12145,-0.0976,-0.077644,-0.071873,-0.055567,-0.040546,-0.032197,-0.021019,-0.0147,-0.02817,-0.047757
NaN,NaN,NaN,NaN,NaN,NaN,NaN,NaN,NaN,NaN,NaN,NaN,NaN,NaN,-0.14259,-0.1238,-0.13953,-0.15649,-0.15252,-0.15698,-0.15244,-0.12487,-0.11043,-0.097594,-0.083452,-0.06456,-0.047182,-0.040493,-0.025372,-0.013831,-0.017511,-0.032539
NaN,NaN,NaN,NaN,NaN,NaN,NaN,NaN,NaN,NaN,NaN,NaN,NaN,NaN,-0.11703,-0.10932,NaN,-0.15993,-0.14957,-0.14728,-0.14731,-0.13706,-0.14204,-0.13368,-0.11997,-0.083912,-0.047904,-0.036771,-0.035117,-0.027271,-0.032611,-0.035738
NaN,NaN,NaN,NaN,NaN,NaN,NaN,NaN,NaN,NaN,NaN,NaN,NaN,NaN,NaN,NaN,NaN,NaN,-0.15027,-0.14371,-0.14547,-0.13568,-0.146,-0.14453,-0.13384,-0.10354,-0.053331,-0.038891,-0.037348,-0.030557,-0.019912,-0.021165
NaN,NaN,NaN,NaN,NaN,NaN,NaN,NaN,NaN,NaN,NaN,NaN,NaN,NaN,NaN,NaN,NaN,NaN,NaN,NaN,-0.14186,-0.1313,-0.1422,NaN,NaN,NaN,NaN,-0.024909,-0.025364,-0.015107,0.011406,0.0072215
NaN,NaN,NaN,NaN,NaN,NaN,NaN,NaN,NaN,NaN,NaN,NaN,NaN,NaN,NaN,NaN,NaN,NaN,NaN,NaN,NaN,NaN,NaN,NaN,NaN,NaN,NaN,NaN,NaN,NaN,-0.0072244,0.0052564
NaN,NaN,NaN,NaN,NaN,NaN,NaN,NaN,NaN,NaN,NaN,NaN,NaN,NaN,NaN,NaN,NaN,NaN,NaN,NaN,NaN,NaN,NaN,NaN,NaN,NaN,NaN,NaN,NaN,NaN,NaN,-0.0071765
NaN,NaN,NaN,NaN,NaN,NaN,NaN,NaN,NaN,NaN,NaN,NaN,NaN,NaN,NaN,NaN,NaN,NaN,NaN,NaN,NaN,NaN,NaN,NaN,NaN,NaN,NaN,NaN,NaN,NaN,NaN,NaN
NaN,NaN,NaN,NaN,NaN,NaN,NaN,NaN,NaN,NaN,NaN,NaN,NaN,NaN,NaN,NaN,NaN,NaN,NaN,NaN,NaN,NaN,NaN,NaN,NaN,NaN,NaN,NaN,NaN,NaN,NaN,NaN
NaN,NaN,NaN,NaN,NaN,NaN,NaN,NaN,NaN,NaN,NaN,NaN,NaN,NaN,NaN,NaN,NaN,NaN,NaN,NaN,NaN,NaN,NaN,NaN,NaN,NaN,NaN,NaN,NaN,NaN,NaN,NaN
NaN,NaN,NaN,NaN,NaN,NaN,NaN,NaN,NaN,NaN,NaN,NaN,NaN,NaN,NaN,NaN,NaN,NaN,NaN,NaN,NaN,NaN,NaN,NaN,NaN,NaN,NaN,NaN,NaN,NaN,NaN,NaN
NaN,NaN,NaN,NaN,NaN,NaN,NaN,NaN,NaN,NaN,NaN,NaN,NaN,NaN,NaN,NaN,NaN,NaN,NaN,NaN,NaN,NaN,NaN,NaN,NaN,NaN,NaN,NaN,NaN,NaN,NaN,NaN
NaN,NaN,NaN,NaN,NaN,NaN,NaN,NaN,NaN,NaN,NaN,NaN,NaN,NaN,NaN,NaN,NaN,NaN,NaN,NaN,NaN,NaN,NaN,NaN,NaN,NaN,NaN,NaN,NaN,NaN,NaN,NaN
NaN,NaN,NaN,NaN,NaN,NaN,NaN,NaN,NaN,NaN,NaN,NaN,NaN,NaN,NaN,NaN,NaN,NaN,NaN,NaN,NaN,NaN,NaN,NaN,NaN,NaN,NaN,NaN,NaN,NaN,NaN,NaN
NaN,NaN,NaN,NaN,NaN,NaN,NaN,NaN,NaN,NaN,NaN,NaN,NaN,NaN,NaN,NaN,-0.09446,NaN,NaN,NaN,NaN,NaN,NaN,NaN,NaN,NaN,NaN,NaN,NaN,NaN,NaN,-0.055967
NaN,NaN,NaN,NaN,NaN,NaN,NaN,NaN,NaN,NaN,NaN,NaN,NaN,NaN,NaN,NaN,-0.091143,NaN,NaN,NaN,NaN,NaN,NaN,NaN,NaN,NaN,NaN,NaN,NaN,-0.066426,-0.05964,-0.058216
NaN,NaN,-0.073054,-0.041583,NaN,NaN,NaN,NaN,NaN,NaN,NaN,NaN,NaN,NaN,NaN,NaN,NaN,NaN,NaN,NaN,NaN,NaN,NaN,NaN,NaN,NaN,-0.10124,-0.086393,-0.074674,-0.073927,-0.067806,-0.061951
NaN,NaN,NaN,-0.049921,-0.034968,-0.017173,NaN,NaN,NaN,NaN,NaN,NaN,NaN,NaN,NaN,NaN,NaN,NaN,NaN,NaN,NaN,NaN,NaN,NaN,NaN,-0.089557,-0.093873,-0.085146,-0.075363,-0.076408,-0.069267,-0.055574
NaN,NaN,NaN,NaN,NaN,-0.027122,-0.039448,-0.06317,NaN,NaN,NaN,NaN,NaN,NaN,NaN,NaN,NaN,NaN,-0.14357,-0.13571,NaN,NaN,NaN,NaN,NaN,-0.088563,-0.093423,-0.084394,-0.073278,-0.072286,-0.060044,-0.051
NaN,NaN,NaN,NaN,NaN,NaN,-0.066219,-0.079436,NaN,NaN,NaN,NaN,NaN,NaN,NaN,NaN,NaN,-0.16832,-0.15378,-0.13588,-0.12192,-0.11406,-0.10297,-0.10178,-0.098023,-0.09602,-0.097493,-0.078158,-0.060924,-0.061294,-0.05989,-0.052778
NaN,NaN,NaN,NaN,NaN,NaN,NaN,NaN,NaN,NaN,NaN,NaN,NaN,NaN,NaN,NaN,-0.17465,-0.1738,-0.15224,-0.12973,-0.1189,-0.10842,-0.097942,-0.098898,-0.096703,-0.090311,-0.08653,-0.066266,-0.038857,-0.043302,-0.047806,-0.045739
NaN,NaN,NaN,NaN,NaN,NaN,NaN,NaN,NaN,-0.10574,NaN,NaN,NaN,NaN,NaN,-0.14232,-0.16787,-0.16662,-0.14485,-0.12085,-0.11373,-0.10626,-0.099301,-0.10038,-0.097116,NaN,NaN,NaN,NaN,-0.036343,-0.039682,-0.04332
NaN,NaN,NaN,NaN,NaN,NaN,NaN,NaN,NaN,-0.10975,NaN,NaN,NaN,NaN,-0.13505,-0.14536,-0.16103,-0.1573,-0.13677,-0.11493,-0.10664,-0.10255,-0.091554,-0.093385,NaN,NaN,NaN,NaN,NaN,-0.033586,-0.040153,-0.041603
-0.12484,NaN,NaN,NaN,NaN,NaN,NaN,NaN,-0.10527,-0.10223,NaN,NaN,NaN,-0.15424,-0.14804,-0.15105,-0.15172,-0.14447,-0.13504,-0.12256,-0.11531,-0.1084,-0.084191,NaN,NaN,NaN,-0.071647,-0.072473,-0.053032,-0.042383,-0.056859,-0.050795
NaN,-0.080869,NaN,NaN,NaN,NaN,NaN,NaN,-0.11524,-0.12328,NaN,-0.1541,-0.14263,-0.14586,-0.14355,-0.14581,-0.14179,-0.13494,-0.12957,-0.12172,-0.12238,-0.10885,-0.082341,-0.066568,-0.065486,-0.061317,-0.054771,-0.053592,-0.038176,-0.036343,-0.049965,-0.037572
NaN,NaN,-0.048283,NaN,NaN,NaN,NaN,NaN,-0.13865,-0.15995,-0.16439,-0.1441,-0.14246,-0.14812,-0.14145,-0.1444,-0.14222,-0.13563,-0.1302,-0.12249,-0.11821,-0.099153,-0.068815,-0.052013,-0.046113,-0.046166,-0.033112,-0.022415,-0.017468,-0.026952,-0.039115,-0.035781
NaN,NaN,-0.032387,NaN,NaN,NaN,NaN,-0.10698,-0.13711,-0.15109,-0.14538,-0.1346,-0.14261,-0.14963,-0.14276,-0.14618,-0.14522,-0.14226,-0.1392,-0.13132,-0.11765,-0.099672,-0.075385,-0.0539,-0.040032,-0.037783,-0.02284,-0.004003,-0.0035257,-0.0097225,-0.011276,-0.0079973
NaN,NaN,-0.0026282,NaN,NaN,NaN,-0.079723,-0.10078,-0.12454,-0.12604,-0.12402,-0.1312,-0.14229,-0.14618,-0.1463,-0.14723,-0.13867,-0.13727,-0.14211,-0.13891,-0.12068,-0.10326,-0.084418,-0.062732,-0.04717,-0.038603,-0.021011,-0.00091692,0.0049881,0.0051427,0.0024059,0.0068892
NaN,NaN,NaN,-0.0035377,NaN,-0.075873,-0.080319,-0.10814,-0.12911,-0.12247,-0.11766,-0.12517,-0.13408,-0.14195,-0.14834,-0.14367,-0.12967,-0.13235,-0.14064,-0.13994,-0.12488,-0.10803,-0.095876,-0.076734,-0.057933,-0.041135,-0.016007,0.0091648,0.019451,0.023727,0.021402,0.023306
NaN,NaN,NaN,-0.018617,-0.06389,-0.07839,-0.093292,-0.1222,-0.134,-0.12453,-0.1166,-0.12251,-0.12942,-0.13292,-0.13899,-0.12988,-0.11723,-0.1259,-0.13306,-0.13543,-0.12948,-0.11911,-0.10869,-0.091014,-0.066456,-0.040935,-0.0057427,0.026516,0.044961,0.045828,0.034463,0.035907
NaN,NaN,NaN,-0.030626,-0.07203,-0.093751,-0.11499,-0.13168,-0.13084,-0.12363,-0.11797,-0.12251,-0.12725,-0.12879,-0.13148,-0.11892,-0.11106,-0.12156,-0.12818,-0.12955,-0.1241,-0.13333,-0.12652,-0.10362,-0.077637,-0.045933,-0.0018883,0.043305,0.066887,0.065752,0.052008,0.048684
NaN,NaN,NaN,-0.030518,-0.080464,-0.10768,-0.1198,-0.12393,-0.11848,-0.11715,-0.11538,-0.12273,-0.12865,-0.12881,-0.12534,-0.11204,-0.10459,-0.11303,-0.12005,-0.12622,-0.13167,-0.13787,-0.13671,-0.11897,-0.089137,-0.049442,0.0026261,0.050567,0.082085,0.084211,0.077437,0.072289
NaN,NaN,NaN,-0.033333,-0.086066,-0.11337,-0.11748,-0.10714,-0.1036,-0.11117,-0.115,-0.12514,-0.12802,-0.13119,-0.12104,-0.10254,-0.092054,-0.10648,-0.11607,-0.12905,-0.1474,-0.15361,-0.14443,-0.12658,-0.10187,-0.055416,-0.00097842,0.046792,0.081906,0.098065,0.10359,0.096277
NaN,NaN,NaN,-0.039679,-0.075759,-0.10115,-0.11033,-0.10417,-0.10517,-0.11192,-0.11508,-0.12042,-0.12873,-0.12526,-0.11415,-0.09588,-0.090201,-0.10961,-0.11963,-0.13152,-0.1491,-0.16113,-0.15565,-0.13577,-0.10704,-0.061086,-0.0042008,0.042154,0.076685,0.095445,0.10211,0.094096
NaN,NaN,NaN,NaN,-0.059957,-0.086897,-0.1055,-0.11036,-0.11021,-0.11278,-0.12008,-0.131,-0.13978,-0.12754,-0.10822,-0.090418,-0.098502,-0.12306,-0.1293,-0.13734,-0.15186,-0.16341,-0.16172,-0.14817,-0.12278,-0.072405,-0.015023,0.037415,0.066227,0.087323,0.097638,0.090322
NaN,NaN,NaN,NaN,NaN,-0.098171,-0.10552,-0.11301,-0.11658,-0.11785,-0.12276,-0.13687,-0.14303,-0.13083,-0.10585,-0.094437,-0.10312,-0.12148,-0.13422,-0.1418,-0.14951,-0.15502,-0.16092,-0.15765,-0.1212,-0.068795,-0.012355,0.032936,0.065277,0.085291,0.096173,0.092106
NaN,NaN,NaN,NaN,NaN,NaN,NaN,-0.11451,-0.11918,-0.11946,-0.12163,-0.13468,-0.13971,-0.12902,-0.10839,-0.099988,-0.11758,-0.13074,-0.13485,-0.1414,-0.15367,-0.15807,-0.16192,-0.14935,-0.11374,-0.067518,-0.016402,0.021201,0.054164,0.089887,0.10424,0.096549
NaN,NaN,NaN,NaN,NaN,NaN,NaN,NaN,NaN,-0.12099,-0.12727,-0.138,-0.13756,-0.13045,-0.11455,-0.11276,-0.12624,-0.13468,-0.13351,-0.13885,-0.15319,-0.15903,-0.16411,-0.14692,-0.11153,-0.073388,-0.031302,0.00099249,0.04335,0.095949,0.12269,0.11244
NaN,NaN,NaN,NaN,NaN,NaN,NaN,NaN,NaN,NaN,NaN,-0.15182,-0.14449,-0.13065,-0.1192,-0.1169,-0.13007,-0.12835,-0.12939,-0.1294,-0.1391,-0.15032,-0.15562,-0.13825,-0.10838,-0.077556,-0.047727,-0.020122,0.02356,0.083731,0.12592,0.11381
NaN,NaN,NaN,NaN,NaN,NaN,NaN,NaN,NaN,NaN,NaN,-0.16444,-0.15581,-0.13353,-0.11898,-0.11761,-0.1283,-0.12595,-0.12501,-0.11962,-0.12787,-0.13779,-0.1433,-0.1256,-0.10113,-0.07808,-0.058989,-0.031306,0.004965,0.060243,0.10782,0.11062
NaN,NaN,NaN,NaN,NaN,NaN,NaN,NaN,-0.097239,-0.1015,-0.11831,NaN,NaN,-0.13065,-0.12219,-0.11656,-0.12647,-0.12369,-0.12688,-0.12156,-0.12371,-0.13211,-0.13064,-0.11591,-0.10526,-0.095653,-0.081499,-0.050663,-0.013006,0.036971,0.089459,0.098981
NaN,NaN,NaN,NaN,NaN,NaN,NaN,-0.10002,-0.1018,-0.10082,-0.10781,-0.11412,-0.12352,-0.12377,-0.11826,-0.11416,-0.11823,-0.11779,-0.12057,-0.11414,-0.11136,-0.11806,-0.11964,-0.11248,-0.10954,-0.11091,-0.10133,-0.063126,-0.019995,0.029631,0.083339,0.09528
NaN,NaN,NaN,NaN,NaN,NaN,-0.093147,-0.09756,-0.098973,-0.094969,-0.095974,-0.10024,-0.11344,-0.12222,-0.11611,-0.10787,-0.11375,-0.10968,-0.11596,-0.10495,-0.10111,-0.10946,-0.11502,-0.11881,-0.1235,-0.13511,-0.12331,-0.078095,-0.019817,0.032742,0.080585,0.090234
NaN,NaN,NaN,NaN,NaN,-0.082312,-0.0975,-0.10277,-0.097804,-0.094884,-0.089159,-0.094955,-0.11304,-0.12533,-0.1167,-0.10731,-0.1112,-0.10771,-0.11363,-0.10343,-0.098017,-0.10597,-0.11074,-0.11815,-0.13376,-0.15147,-0.14228,-0.094302,-0.032624,0.026637,0.07624,0.090991
NaN,NaN,NaN,NaN,NaN,-0.08949,-0.10684,-0.10619,-0.098033,-0.094657,-0.092736,-0.096255,-0.11207,-0.12378,-0.12058,-0.10741,-0.1027,-0.10052,-0.11225,-0.10587,-0.097641,-0.10139,-0.11377,-0.13452,-0.15022,-0.16253,-0.15525,-0.11207,-0.054661,0.0057878,0.059455,0.082523
NaN,NaN,NaN,NaN,-0.10046,-0.10524,-0.12482,-0.11966,-0.10592,-0.10227,-0.10392,-0.1024,-0.11487,-0.12253,-0.12208,-0.10603,-0.093751,-0.090044,-0.10557,-0.10791,-0.1045,-0.10312,-0.11951,-0.14261,-0.1575,-0.16562,-0.15993,-0.1255,-0.071858,-0.011944,0.042397,0.069028
NaN,NaN,NaN,NaN,NaN,-0.11715,-0.13664,-0.14041,-0.12931,-0.12135,-0.12219,-0.11381,-0.11229,-0.11496,-0.11617,-0.10274,-0.089925,-0.087491,-0.10336,-0.10919,-0.11343,-0.1164,-0.13204,-0.14764,-0.15719,-0.16206,-0.15747,-0.13119,-0.090474,-0.037809,0.010763,0.040272
NaN,NaN,NaN,NaN,NaN,NaN,-0.14221,-0.15045,-0.14922,-0.14563,-0.14776,-0.13539,-0.11181,-0.10478,-0.10231,-0.096368,-0.093801,-0.087913,-0.10134,-0.11066,-0.11874,-0.12956,-0.14145,-0.15046,-0.15387,-0.16059,-0.16019,-0.13899,-0.10752,-0.065133,-0.019131,0.0056098
NaN,NaN,NaN,NaN,NaN,NaN,NaN,NaN,-0.15481,-0.15752,-0.16463,-0.15214,-0.12196,-0.10164,-0.092189,-0.088223,-0.091709,-0.093646,-0.10214,-0.10553,-0.11459,-0.12838,-0.14509,-0.15501,-0.15916,-0.1688,-0.16785,-0.14649,-0.11889,-0.074716,-0.032466,-0.0011412
NaN,NaN,NaN,NaN,NaN,NaN,NaN,NaN,-0.12977,-0.13907,-0.15857,-0.16071,-0.13327,NaN,-0.087131,-0.083617,-0.097368,-0.10053,-0.115,-0.1109,-0.1107,-0.12647,-0.15633,-0.17035,-0.18111,-0.1834,-0.1744,-0.14519,-0.10945,-0.066795,-0.0338,-0.0028059
NaN,NaN,NaN,NaN,NaN,NaN,NaN,NaN,NaN,NaN,-0.14715,NaN,-0.13266,-0.10503,NaN,NaN,-0.094681,-0.098015,-0.11092,-0.10497,-0.10109,-0.11999,-0.1576,-0.18725,-0.19899,-0.19227,-0.17213,-0.14016,-0.10515,-0.065732,-0.033251,-0.0031815
NaN,NaN,NaN,NaN,NaN,NaN,NaN,NaN,NaN,-0.12657,-0.13725,-0.13223,NaN,NaN,-0.11439,NaN,NaN,-0.087922,-0.10279,-0.10577,-0.11765,-0.13353,-0.16106,-0.19385,-0.21616,-0.21248,-0.17473,-0.13506,-0.10417,-0.07144,-0.032529,-0.0034594
NaN,NaN,NaN,NaN,NaN,NaN,NaN,NaN,NaN,NaN,-0.14124,-0.13874,-0.13056,NaN,NaN,NaN,NaN,NaN,-0.10002,-0.1035,-0.12836,-0.15171,-0.17072,-0.19918,-0.2263,-0.23032,-0.19873,-0.15966,-0.12695,-0.096598,-0.048487,-0.020893
NaN,NaN,NaN,NaN,NaN,NaN,NaN,NaN,NaN,NaN,NaN,-0.13319,-0.12983,-0.12367,-0.12588,-0.12531,-0.12184,NaN,NaN,-0.093294,-0.13918,-0.17579,-0.1935,-0.20806,-0.23401,-0.24371,-0.22026,-0.18325,-0.15213,-0.11703,-0.062755,-0.034882
NaN,NaN,NaN,NaN,NaN,-0.033619,-0.018431,NaN,NaN,NaN,NaN,-0.13404,-0.13663,-0.12734,-0.11852,-0.11042,-0.10725,-0.091001,-0.084552,NaN,-0.15142,-0.1859,-0.20963,-0.22069,-0.23862,-0.24856,-0.23187,-0.20226,-0.17116,-0.13926,-0.087555,-0.056514
NaN,NaN,NaN,NaN,NaN,-0.063251,-0.068329,-0.085018,NaN,NaN,-0.14304,-0.14453,-0.13927,-0.1234,-0.10833,-0.10055,-0.098628,-0.089623,-0.084697,-0.10313,-0.14641,-0.17831,-0.21324,-0.2316,-0.24535,-0.254,-0.24685,-0.22453,-0.20474,-0.17579,-0.12107,-0.073498
NaN,NaN,NaN,NaN,NaN,-0.10493,-0.10873,-0.12423,-0.13469,-0.14259,-0.14199,-0.14337,-0.13322,-0.11133,-0.088479,NaN,NaN,-0.095087,-0.092173,-0.10053,-0.14027,-0.16221,-0.19753,-0.22041,-0.24327,-0.2667,-0.26412,-0.24082,-0.22427,-0.20432,-0.15255,-0.10917
NaN,NaN,NaN,NaN,NaN,-0.11539,-0.13543,-0.14454,-0.15549,-0.15534,-0.14273,-0.13026,-0.1198,-0.10015,NaN,NaN,NaN,NaN,-0.098182,-0.099812,-0.12415,-0.14941,-0.1764,-0.20603,-0.22917,-0.25296,-0.25201,-0.22819,-0.19911,-0.17534,-0.1559,-0.14904
NaN,NaN,NaN,NaN,-0.084445,-0.11369,-0.14206,-0.1448,-0.14693,-0.1429,-0.12723,-0.10837,-0.09675,-0.08376,NaN,NaN,NaN,NaN,-0.094758,-0.095095,-0.11526,-0.13883,-0.15959,-0.1753,-0.19743,-0.21283,-0.21111,-0.20122,NaN,NaN,NaN,-0.15183
NaN,NaN,NaN,NaN,-0.064576,-0.10827,-0.14786,-0.1321,-0.12595,-0.1224,-0.11226,-0.087013,-0.078875,NaN,NaN,NaN,NaN,NaN,-0.067439,-0.084528,-0.10634,-0.12665,-0.13928,-0.15897,-0.17104,-0.17824,-0.18384,NaN,NaN,NaN,NaN,NaN
NaN,NaN,NaN,-0.069772,-0.041424,-0.093464,-0.13,-0.10955,-0.1053,-0.11011,-0.1097,-0.086221,-0.076108,NaN,-0.065624,NaN,-0.018488,-0.02425,-0.054526,-0.081489,-0.10335,-0.11874,-0.12786,-0.14715,-0.15846,-0.16615,-0.18177,NaN,NaN,NaN,NaN,NaN
NaN,NaN,-0.10696,-0.047865,-0.035661,-0.07581,-0.095911,-0.082751,-0.078417,-0.091702,-0.096081,-0.084743,-0.065805,-0.061857,-0.055876,-0.046279,-0.032063,NaN,-0.051115,-0.073838,-0.091911,-0.1144,-0.1211,-0.14384,-0.15413,-0.15685,NaN,NaN,NaN,NaN,NaN,NaN
-0.0093399,-0.047569,-0.050026,-0.046493,-0.058305,-0.071239,-0.067069,-0.047444,-0.052734,-0.062701,-0.052556,-0.049298,-0.049284,-0.041651,-0.03228,-0.034516,-0.03016,NaN,-0.046758,-0.061535,-0.074732,-0.10113,-0.12522,-0.15276,-0.15907,-0.15571,NaN,NaN,NaN,NaN,NaN,NaN
-0.042192,-0.046996,-0.047114,-0.057907,-0.06355,-0.061031,-0.048574,-0.040085,-0.041685,-0.037424,-0.021808,-0.018026,-0.026593,-0.030725,-0.0097773,-0.012502,-0.023381,-0.036165,-0.053974,-0.0645,-0.065775,-0.089245,-0.12107,-0.15142,-0.15609,NaN,NaN,NaN,NaN,NaN,NaN,NaN
-0.080213,-0.070322,-0.066809,-0.060366,-0.044886,-0.039755,-0.040689,-0.038017,-0.034412,-0.031043,-0.022312,NaN,NaN,-0.043053,-0.015851,-0.0055534,-0.020899,-0.042784,-0.065391,-0.068884,-0.06738,-0.0832,-0.10439,-0.13548,NaN,NaN,NaN,NaN,NaN,NaN,NaN,NaN
-0.056772,-0.067956,-0.07386,-0.057291,-0.039423,-0.036287,-0.040209,-0.035337,-0.02611,-0.024643,-0.028273,-0.038461,-0.047804,-0.042795,-0.027533,-0.013798,-0.022026,-0.047846,-0.078411,-0.081317,-0.075314,-0.081121,-0.078971,-0.075074,NaN,NaN,NaN,NaN,NaN,NaN,NaN,NaN
-0.028777,-0.042048,-0.049731,-0.039163,-0.028856,-0.026423,-0.024878,-0.017275,-0.013958,-0.01584,-0.025831,-0.034049,-0.036562,-0.037803,-0.036353,-0.030891,-0.033487,-0.048301,-0.076507,-0.079888,-0.082798,-0.083297,-0.065345,-0.052722,NaN,NaN,NaN,NaN,NaN,NaN,NaN,NaN
-0.043221,-0.04301,-0.041647,-0.03166,-0.018619,-0.0087393,-0.0071966,0.0017323,0.0050383,0.0013622,-0.0098391,-0.020889,-0.028127,-0.036531,-0.047579,-0.039444,-0.033865,-0.036951,-0.058619,-0.081173,-0.094099,-0.095218,NaN,NaN,NaN,NaN,NaN,NaN,NaN,NaN,NaN,NaN
-0.036286,-0.02105,-0.024071,-0.019178,-0.0029555,0.013794,0.018224,0.019391,0.015816,0.007881,-0.0068713,-0.020788,-0.035547,-0.047943,-0.064904,-0.063159,NaN,NaN,-0.050706,-0.077301,-0.099626,-0.095602,NaN,NaN,NaN,NaN,NaN,NaN,NaN,NaN,NaN,NaN
-0.029639,-0.0091937,-0.017047,-0.010691,0.008935,0.019679,0.018021,0.014462,0.01014,0.00059866,-0.011676,-0.018044,-0.030137,-0.044201,-0.067024,-0.075601,-0.071235,-0.055635,-0.0519,-0.070221,-0.093555,-0.098411,NaN,NaN,NaN,NaN,NaN,NaN,NaN,NaN,NaN,NaN
-0.021186,-0.013767,-0.025404,-0.0033015,0.02449,0.026646,0.019981,0.016076,0.014802,0.0048597,0.0019488,0.003876,-0.0075927,-0.037349,-0.063307,-0.077668,-0.077216,NaN,NaN,-0.060145,-0.090739,-0.10684,-0.10858,-0.10039,NaN,NaN,NaN,NaN,NaN,NaN,NaN,NaN
-0.0081186,-0.017837,-0.032827,-0.00082438,0.038213,0.041324,0.029715,0.021871,0.015676,0.016562,0.015263,0.013878,-0.00069239,-0.02805,-0.05949,-0.081056,-0.092387,NaN,NaN,NaN,-0.097015,-0.11075,-0.11107,-0.10949,-0.094971,NaN,NaN,NaN,NaN,NaN,NaN,NaN
-0.020777,-0.030933,-0.038108,0.00014821,0.044378,0.050123,0.03896,0.030907,0.019613,0.018305,0.012965,0.003864,-0.0028944,-0.018677,-0.045574,-0.077047,-0.096952,NaN,NaN,NaN,-0.10569,-0.12036,-0.11559,-0.10716,-0.10541,NaN,NaN,NaN,NaN,NaN,NaN,NaN
-0.029159,-0.043219,-0.040702,-0.0019394,0.040226,0.050562,0.043894,0.036613,0.028121,0.014956,0.0013749,-0.013178,-0.016559,-0.020985,-0.03098,-0.056016,-0.08531,-0.093196,NaN,NaN,NaN,-0.14222,NaN,NaN,NaN,NaN,NaN,NaN,NaN,NaN,NaN,NaN
-0.04297,-0.04872,-0.038853,-0.010484,0.021106,0.039585,0.042044,0.038935,0.030488,0.017102,-0.0099887,-0.028876,-0.028761,-0.028461,-0.025133,-0.035866,-0.06795,-0.084484,NaN,NaN,-0.12059,-0.14386,-0.15222,-0.16853,NaN,NaN,NaN,NaN,NaN,NaN,NaN,NaN
-0.056684,-0.065239,-0.051457,-0.028148,-0.0025491,0.02103,0.030948,0.035971,0.025672,0.011513,-0.010353,-0.024543,-0.028584,-0.030394,-0.026345,-0.028616,-0.05413,-0.073336,-0.082766,NaN,-0.12533,-0.14684,-0.15402,-0.17168,-0.16959,-0.15962,NaN,NaN,NaN,NaN,NaN,NaN
-0.085714,-0.08297,-0.061454,-0.0324,-0.0080638,0.013696,0.026366,0.030693,0.020995,0.0069011,-0.011895,-0.020071,-0.024324,-0.026412,-0.024989,-0.024959,-0.045102,-0.065481,-0.085156,-0.1195,NaN,-0.14766,-0.1533,-0.16205,-0.15327,-0.14281,NaN,NaN,NaN,NaN,NaN,NaN
-0.095466,-0.08016,-0.055766,-0.031353,-0.0092224,0.0063535,0.018283,0.024953,0.0091023,-0.0044702,-0.019264,-0.025241,-0.03292,-0.029685,-0.02099,-0.012635,-0.033417,-0.062067,-0.085736,-0.12011,-0.12745,-0.14281,-0.15526,-0.1562,-0.14541,-0.1363,-0.14017,-0.15957,NaN,NaN,NaN,NaN
-0.094647,-0.06933,-0.045743,-0.027886,-0.0096003,0.0049115,0.015589,0.011206,-0.00067724,-0.012384,-0.020874,-0.02393,-0.033841,-0.032797,-0.017359,-0.0073597,-0.022828,-0.051168,-0.077217,-0.11043,-0.12095,-0.13494,-0.14554,-0.14628,-0.13966,-0.13051,-0.12681,-0.1375,-0.14843,NaN,NaN,NaN
-0.092136,-0.059418,-0.027749,-0.0092519,0.0024842,0.0075043,0.010383,0.0056696,-0.0082386,-0.01569,-0.021005,-0.0211,-0.030797,-0.030558,-0.013346,-0.00463,-0.021375,-0.04575,-0.068271,-0.09246,-0.10527,-0.12323,-0.13365,-0.13653,-0.13912,-0.14237,-0.13576,-0.12956,-0.13019,-0.12725,-0.12434,-0.13745
-0.080864,-0.049621,-0.01325,0.010167,0.010268,0.0054159,0.0088516,0.00041929,-0.0099663,-0.016953,-0.021788,-0.021736,-0.021307,-0.019719,-0.0065345,-0.0054932,-0.030806,-0.049,-0.061491,-0.078974,-0.093743,-0.11401,-0.12444,-0.13164,-0.14414,-0.16045,-0.16348,-0.15453,-0.1451,-0.14279,-0.14077,-0.15142
-0.065753,-0.047035,-0.013504,0.013568,0.0094967,0.0055856,0.0064055,-0.0016004,-0.012122,-0.020311,-0.024205,-0.019251,-0.016042,-0.010179,0.0051125,-0.009022,-0.036789,-0.059142,-0.062137,-0.079153,-0.092487,-0.10077,-0.11025,-0.1226,-0.14573,-0.16666,-0.1843,-0.19117,-0.18787,-0.17349,-0.1547,-0.13958
-0.053891,-0.035663,-0.01047,0.008142,0.0028733,-0.00014102,0.0031849,-0.0022959,-0.016947,-0.019373,-0.027642,-0.021338,-0.018504,-0.011472,0.0055718,-0.0028798,-0.035252,-0.058191,-0.064248,-0.078089,-0.092827,-0.096253,-0.097688,-0.11541,-0.14347,-0.16601,-0.19355,-0.21295,-0.20911,-0.19587,-0.17188,-0.15219
-0.04065,-0.01719,-0.0023383,0.011159,0.0034818,-0.0011209,0.00030663,-0.004648,-0.014976,-0.022123,-0.02244,-0.020692,-0.027755,-0.026277,0.0024082,0.011534,-0.010321,-0.035594,-0.047211,-0.059992,-0.074554,-0.084269,-0.093021,-0.10555,-0.12721,-0.14814,-0.17636,-0.20139,-0.20886,-0.19955,-0.18143,-0.16611
-0.019538,0.0060541,0.016404,0.016407,0.0090896,-0.002687,-0.0025509,-0.0094023,-0.025577,-0.034986,-0.03177,-0.018958,-0.032616,-0.038014,0.00075284,0.029874,0.021665,-0.006906,-0.030691,-0.050997,-0.070787,-0.083964,-0.090114,-0.094497,-0.10379,-0.12063,-0.15183,-0.18732,-0.20336,-0.19797,-0.18835,-0.17028
-0.021578,0.021809,0.035774,0.028021,0.015473,0.00021323,-0.009808,-0.018025,-0.035685,-0.047864,-0.044538,-0.023664,-0.032281,-0.033694,0.0078992,0.043816,0.038784,0.0095533,-0.015993,-0.038499,-0.064379,-0.080899,-0.091417,-0.094175,-0.10227,-0.11609,-0.14596,-0.18852,-0.20243,-0.19421,-0.18781,-0.17416
-0.013551,0.029038,0.04505,0.039249,0.024335,0.0015118,-0.015047,-0.026243,-0.045451,-0.061499,-0.060266,-0.042584,-0.034503,-0.01807,0.02529,0.053185,0.045072,0.019315,-0.01035,-0.029376,-0.055716,-0.072989,-0.086707,-0.095275,-0.11118,-0.12853,-0.15671,-0.18712,-0.19639,-0.18973,-0.19136,-0.18488
0.0049913,0.030304,0.0449,0.039547,0.025778,0.003587,-0.017964,-0.040488,-0.066998,-0.090479,-0.087217,-0.059092,-0.035418,-0.0070563,0.034459,0.050402,0.040769,0.013439,-0.00376,-0.018436,-0.041399,-0.052848,-0.069516,-0.090883,-0.11712,-0.14347,-0.17085,-0.18642,-0.19007,-0.18934,-0.20314,-0.21062
0.021866,0.030988,0.035985,0.031436,0.021674,0.00021347,-0.032733,-0.064392,-0.088443,-0.098505,-0.091776,-0.064125,-0.04042,-0.0096437,0.028223,0.041884,0.026439,0.0012496,-0.0087625,-0.016889,-0.030703,-0.039984,-0.052495,-0.077328,-0.1058,-0.13387,-0.16409,-0.18326,-0.18471,-0.19341,-0.21488,-0.22433
0.024332,0.037266,0.03975,0.02809,0.014491,-0.010647,-0.050938,-0.082624,-0.097668,-0.098619,-0.07947,-0.057745,-0.032308,-0.0094923,0.02064,0.029286,0.014165,-0.0049021,-0.010579,-0.012326,-0.020243,-0.026622,-0.034624,-0.061486,-0.096869,-0.12077,-0.15003,-0.17027,-0.18399,-0.19496,-0.22083,-0.22555
0.021189,0.039836,0.043644,0.02966,0.0091227,-0.023265,-0.062049,-0.086866,-0.097638,-0.085369,-0.059788,-0.034765,-0.022181,-0.014336,0.0051026,0.0098398,0.0020924,-0.0070349,-0.005321,-0.0031536,-0.0056376,-0.010986,-0.021274,-0.04749,-0.076725,-0.10677,-0.13464,-0.16211,-0.17925,-0.20046,-0.22938,-0.2328
0.012984,0.037775,0.046793,0.032953,0.002885,-0.036265,-0.065906,-0.087921,-0.093724,-0.082175,-0.052475,-0.02802,-0.020641,-0.022836,-0.015416,-0.010635,-0.0055922,-0.0020385,0.0042723,0.0065375,0.00074745,-0.0008835,-0.0072183,-0.023373,-0.049928,-0.081465,-0.11248,-0.13931,-0.16826,-0.19564,-0.22497,-0.2314
0.009976,0.033855,0.043821,0.026657,-0.0047022,-0.041334,-0.068529,-0.084615,-0.09355,-0.082828,-0.059067,-0.040745,-0.035626,-0.036603,-0.022385,-0.012256,1.451e-05,0.0012601,0.0016894,0.00096204,-0.0026152,-0.0030522,-3.7782e-05,-0.0076162,-0.033334,-0.072821,-0.10293,-0.12647,-0.15506,-0.19168,-0.21906,-0.21835
0.013399,0.041675,0.046312,0.025097,-0.008421,-0.044692,-0.070002,-0.085355,-0.093359,-0.08065,-0.060945,-0.050606,-0.037699,-0.031789,-0.018562,-0.0094988,0.00068721,0.0012426,-0.0034774,-0.0063344,-0.010836,-0.0023404,0.0057521,0.0074791,-0.018592,-0.064696,-0.095118,-0.1155,-0.14528,-0.18293,-0.20854,-0.20974
0.025946,0.053629,0.050189,0.029724,-0.0060455,-0.043756,-0.073285,-0.092147,-0.095447,-0.076979,-0.061049,-0.054044,-0.034535,-0.01903,-0.0099352,-0.016778,-0.018509,-0.015625,-0.012971,-0.010998,-0.008891,0.009561,0.019252,0.021141,-0.0086742,-0.055463,-0.089235,-0.10628,-0.13608,-0.18067,-0.20202,-0.20986
0.034266,0.062541,0.055805,0.035265,0.0004977,-0.044074,-0.081959,-0.10423,-0.099215,-0.069842,-0.044279,-0.039909,-0.026807,-0.017313,-0.013939,-0.032512,-0.035946,-0.027821,-0.016063,-0.0055208,0.00022569,0.017844,0.028212,0.024011,-0.0066064,-0.04666,-0.078154,-0.10337,-0.13409,-0.1704,-0.19739,-0.20897
0.045294,0.060445,0.055652,0.038996,0.0041215,-0.046735,-0.091819,-0.1105,-0.088916,-0.056171,-0.023946,-0.020546,-0.018997,-0.019554,-0.027579,-0.041906,-0.039664,-0.027749,-0.012243,-0.0033049,0.0029393,0.011712,0.02181,0.022381,0.00091975,-0.028024,-0.059297,-0.091928,-0.11722,-0.14898,-0.17712,-0.19279
0.043913,0.046161,0.041988,0.032497,0.00047793,-0.050562,-0.093586,-0.10331,-0.079194,-0.047323,-0.016154,-0.012987,-0.012931,-0.026451,-0.034693,-0.04707,-0.039939,-0.029679,-0.017907,-0.012628,-0.0027663,0.01064,0.015846,0.015632,0.011729,-0.0025601,-0.038488,-0.081989,-0.11391,-0.13342,-0.16397,-0.17559
0.039895,0.028366,0.025571,0.025167,-0.012761,-0.052943,-0.080625,-0.086356,-0.069349,-0.038623,-0.017932,-0.017638,-0.017457,-0.031314,-0.038024,-0.046903,-0.050373,-0.043854,-0.033472,-0.02649,-0.0083852,0.002358,0.01648,0.030719,0.03662,0.022833,-0.025106,-0.078097,-0.11704,-0.12704,-0.15206,-0.17155
0.042222,0.02272,0.018842,0.019599,-0.012535,-0.042877,-0.061207,-0.066693,-0.056891,-0.039805,-0.021416,-0.011672,-0.010622,-0.033867,-0.05037,-0.072922,-0.087692,-0.077106,-0.056917,-0.03698,-0.018193,-0.0038612,0.014679,0.039214,0.047907,0.031249,-0.015706,-0.070949,-0.10604,-0.1221,-0.1409,-0.16081
0.038503,0.023296,0.01719,0.010934,-0.016664,-0.040743,-0.050916,-0.059019,-0.055661,-0.039775,-0.023725,-0.016522,-0.019723,-0.045668,-0.070962,-0.10288,-0.12312,-0.10032,-0.065659,-0.034913,-0.024022,-0.0041903,0.024482,0.050923,0.052274,0.030809,-0.007159,-0.051186,-0.091996,-0.12256,-0.14235,-0.15564
0.03977,0.025367,0.012366,0.00043312,-0.025762,-0.045091,-0.052693,-0.061168,-0.05566,-0.039703,-0.03223,-0.038266,-0.04086,-0.073422,-0.098869,-0.13069,-0.14314,-0.11267,-0.069519,-0.038144,-0.023141,0.001551,0.034087,0.05444,0.061041,0.035576,0.0036268,-0.027062,-0.066812,-0.10564,-0.12606,-0.13299
0.035209,0.018617,0.0044495,-0.014071,-0.037121,-0.048702,-0.055684,-0.063707,-0.06441,-0.05335,-0.055238,-0.057517,-0.059775,-0.091566,-0.1228,-0.14425,-0.14133,-0.11195,-0.071503,-0.036992,-0.017662,0.0012125,0.031882,0.059459,0.070057,0.050311,0.021722,-0.013663,-0.061813,-0.11072,-0.12784,-0.12918
0.044555,0.027906,0.001533,-0.025415,-0.047197,-0.051865,-0.058661,-0.072276,-0.077205,-0.073321,-0.072906,-0.077558,-0.078833,-0.11547,-0.13809,-0.14232,-0.13025,-0.10314,-0.063963,-0.025115,-0.016266,-0.0047772,0.025871,0.059768,0.069638,0.050998,0.01946,-0.02279,-0.07705,-0.11807,-0.13056,-0.12284
0.044192,0.014009,-0.01646,-0.04275,-0.058849,-0.052817,-0.056761,-0.073775,-0.087125,-0.083407,-0.08226,-0.079808,-0.080862,-0.118,-0.13786,-0.12918,-0.12603,-0.10045,-0.048647,-0.016083,-0.023302,-0.019804,0.017261,0.05474,0.070842,0.053781,0.020067,-0.024941,-0.074907,-0.10983,-0.12662,-0.12497
0.038115,-0.0036366,-0.03598,-0.055896,-0.066888,-0.056328,-0.057751,-0.077053,-0.083399,-0.082474,-0.076181,-0.07304,-0.080983,-0.10781,-0.1219,-0.12165,-0.11523,-0.080729,-0.035208,-0.017797,-0.037427,-0.022807,0.026268,0.065709,0.07475,0.055279,0.021563,-0.022831,-0.07379,-0.10294,-0.12118,-0.13074
0.025787,-0.0092007,-0.037228,-0.055427,-0.069008,-0.056172,-0.058482,-0.073017,-0.086084,-0.084182,-0.073777,-0.067925,-0.074729,-0.10864,-0.11677,-0.1159,-0.10409,-0.065666,-0.034582,-0.028641,-0.044327,-0.029103,0.028657,0.069266,0.077519,0.063953,0.030479,-0.012864,-0.061409,-0.09637,-0.11646,-0.12863
0.024497,-0.011614,-0.036917,-0.062054,-0.073116,-0.063794,-0.060232,-0.065756,-0.080296,-0.08055,-0.075579,-0.066053,-0.08396,-0.11785,-0.12297,-0.11652,-0.09545,-0.062789,-0.045795,-0.040795,-0.050684,-0.03059,0.024744,0.064301,0.075624,0.060793,0.03662,-0.0020127,-0.046216,-0.092176,-0.1185,-0.12834
0.023192,-0.012823,-0.039428,-0.066622,-0.080164,-0.075184,-0.06093,-0.048013,-0.057042,-0.067758,-0.062642,-0.061504,-0.084518,-0.12209,-0.11847,-0.10704,-0.099092,-0.085796,-0.076163,-0.061808,-0.056175,-0.031345,0.015947,0.053951,0.071321,0.056544,0.036196,0.0065073,-0.032332,-0.078457,-0.11153,-0.13435
0.009968,-0.02653,-0.056365,-0.080135,-0.084377,-0.082217,-0.064203,-0.036728,-0.033817,-0.04732,-0.049466,-0.050738,-0.07183,-0.10227,-0.097259,-0.096654,-0.10213,-0.10542,-0.098498,-0.079175,-0.054386,-0.023314,0.008428,0.0424,0.061568,0.051392,0.029828,0.0065996,-0.026324,-0.068032,-0.1082,-0.13752
-0.0037476,-0.044711,-0.077101,-0.093958,-0.092442,-0.089383,-0.071405,-0.036186,-0.018338,-0.026855,-0.03565,-0.042289,-0.054657,-0.07511,-0.080151,-0.097403,-0.10625,-0.10592,-0.099139,-0.072012,-0.046101,-0.021072,0.0049737,0.034846,0.049807,0.048648,0.02833,0.0033571,-0.026406,-0.071151,-0.11216,-0.13464
-0.015714,-0.055523,-0.091496,-0.10248,-0.095261,-0.089954,-0.073822,-0.03976,-0.013414,-0.0088365,-0.022705,-0.032028,-0.040781,-0.05899,-0.081496,-0.10525,-0.10685,-0.096687,-0.085352,-0.056542,-0.031145,-0.010238,0.011039,0.033262,0.046429,0.047999,0.031498,0.0054435,-0.028222,-0.074238,-0.11554,-0.14015
-0.032626,-0.06617,-0.10065,-0.10411,-0.097608,-0.08524,-0.068189,-0.038394,-0.0052838,0.0060355,-0.007024,-0.01266,-0.025829,-0.050327,-0.078376,-0.1071,-0.10386,-0.09226,-0.080521,-0.059451,-0.033569,-0.0052099,0.015425,0.034077,0.041958,0.047758,0.034582,0.0083356,-0.022899,-0.075826,-0.12939,-0.15798
-0.038969,-0.070624,-0.099619,-0.11089,-0.097594,-0.077355,-0.054983,-0.031821,0.0069507,0.022433,0.00993,0.0083431,-0.0083414,-0.035817,-0.063876,-0.098222,-0.11271,-0.10299,-0.098784,-0.07591,-0.042016,-0.0032724,0.020673,0.034275,0.040936,0.048024,0.04062,0.017693,-0.018481,-0.080646,-0.13755,-0.16021
-0.046518,-0.063122,-0.088059,-0.099813,-0.092149,-0.072734,-0.052449,-0.02874,0.011437,0.03433,0.025455,0.012796,-0.011577,-0.046117,-0.063699,-0.097447,-0.11993,-0.1133,-0.10787,-0.087071,-0.036999,0.0062139,0.022706,0.031321,0.037489,0.053601,0.049172,0.022949,-0.022853,-0.083757,-0.13007,-0.14149
-0.034846,-0.054761,-0.075,-0.084105,-0.080777,-0.06022,-0.043627,-0.022716,0.01285,0.032813,0.027374,0.010447,-0.029144,-0.062112,-0.065927,-0.08817,-0.10633,-0.096934,-0.09769,-0.078922,-0.032302,0.0090099,0.022802,0.025944,0.033605,0.04776,0.049932,0.02579,-0.025341,-0.081614,-0.11017,-0.1237
-0.040291,-0.0541,-0.064012,-0.065482,-0.060558,-0.046712,-0.028328,-0.010885,0.015072,0.03363,0.032766,0.01429,-0.034152,-0.077887,-0.072732,-0.082392,-0.088232,-0.079433,-0.091058,-0.079356,-0.040904,0.0021906,0.014227,0.014738,0.024878,0.039824,0.045319,0.017303,-0.029042,-0.074053,-0.088955,-0.10282
-0.04021,-0.056913,-0.061362,-0.048009,-0.043927,-0.040466,-0.016793,-0.00050382,0.019399,0.039286,0.045209,0.022873,-0.03103,-0.083305,-0.083153,-0.092263,-0.096537,-0.084537,-0.097814,-0.084494,-0.041571,-0.0057325,0.0022053,0.0083956,0.021864,0.042604,0.052759,0.030141,-0.017437,-0.052081,-0.062202,-0.084976
-0.0376,-0.061471,-0.062951,-0.0427,-0.033724,-0.026964,-0.0039877,0.013827,0.026552,0.039231,0.039245,0.017684,-0.037172,-0.090434,-0.10224,-0.12167,-0.1209,-0.10195,-0.10786,-0.086843,-0.048118,-0.013498,0.00089081,0.012029,0.030783,0.053186,0.05726,0.037386,-0.0040522,-0.046271,-0.068034,-0.10344
-0.033909,-0.048136,-0.052965,-0.038076,-0.020573,-0.0043942,0.016822,0.028506,0.034987,0.034753,0.031041,0.0091155,-0.053517,-0.10665,-0.12506,-0.14831,-0.1422,-0.1113,-0.1092,-0.08682,-0.04508,-0.017247,-0.0032321,0.020794,0.046562,0.064464,0.066391,0.05106,0.021327,-0.021437,-0.059792,-0.10626
-0.025367,-0.040231,-0.040934,-0.020945,0.0014266,0.015369,0.037729,0.050807,0.043238,0.028257,0.018454,-0.0066852,-0.070482,-0.12086,-0.13814,-0.16027,-0.14251,-0.10255,-0.10108,-0.081602,-0.046289,-0.023395,-0.0048073,0.024976,0.056671,0.068053,0.058105,0.048678,0.026528,-0.015676,-0.060953,-0.11226
-0.023929,-0.036147,-0.024354,-0.0012533,0.02418,0.040918,0.056632,0.065094,0.049111,0.028398,0.00461,-0.020667,-0.079586,-0.13288,-0.15027,-0.1732,-0.15528,-0.1065,-0.093145,-0.078221,-0.05515,-0.034887,-0.013166,0.024996,0.057911,0.063609,0.050543,0.048078,0.040035,0.0011242,-0.04812,-0.099207
-0.032568,-0.032923,-0.0087866,0.021441,0.062711,0.083111,0.088095,0.081192,0.061425,0.026139,-0.0038954,-0.027031,-0.081986,-0.14059,-0.158,-0.17588,-0.16857,-0.1176,-0.090943,-0.077552,-0.066749,-0.041271,-0.0097457,0.033813,0.062061,0.065466,0.054952,0.056581,0.052176,0.014369,-0.037798,-0.088082
-0.030189,-0.019973,0.00022054,0.03677,0.082301,0.11327,0.11073,0.093822,0.069469,0.027514,-0.0031774,-0.023851,-0.076206,-0.13868,-0.1636,-0.18983,-0.18745,-0.13956,-0.10512,-0.086572,-0.071604,-0.038956,-0.0029712,0.043165,0.062855,0.064886,0.063004,0.074481,0.068128,0.026333,-0.028187,-0.066157
-0.02871,-0.0067642,0.0094651,0.046208,0.10063,0.13593,0.12973,0.10595,0.071397,0.022172,-0.0085282,-0.030365,-0.077502,-0.14243,-0.18379,-0.22023,-0.20922,-0.14795,-0.11747,-0.094188,-0.074109,-0.033874,0.0112,0.048487,0.065752,0.070636,0.07795,0.088224,0.079744,0.036642,-0.013723,-0.03611
-0.037427,-0.0067734,0.0083374,0.051921,0.1136,0.14731,0.14039,0.11101,0.067639,0.013556,-0.021899,-0.039884,-0.083116,-0.15245,-0.21411,-0.26094,-0.23118,-0.15991,-0.12915,-0.10395,-0.070012,-0.027082,0.01266,0.0466,0.068004,0.078503,0.088705,0.098335,0.086932,0.049054,0.0039341,-0.02345
-0.056396,-0.02433,0.0011584,0.050571,0.10908,0.14388,0.13804,0.10379,0.055832,0.0042188,-0.030281,-0.056104,-0.092413,-0.15978,-0.22826,-0.28624,-0.25314,-0.17293,-0.14164,-0.11327,-0.069173,-0.024707,0.011866,0.043243,0.06632,0.086988,0.096551,0.1015,0.089062,0.059522,0.013209,-0.010157
-0.088197,-0.05797,-0.02318,0.040538,0.094799,0.12582,0.12191,0.093201,0.052446,0.0045144,-0.029056,-0.057297,-0.093586,-0.16167,-0.22918,-0.29352,-0.27178,-0.19315,-0.15779,-0.12085,-0.070915,-0.024009,0.011893,0.04332,0.072764,0.095897,0.10299,0.097283,0.089501,0.064621,0.02388,0.0049477
NaN,-0.10254,-0.086131,-0.014649,0.05546,0.091838,0.10015,0.083512,0.051898,0.018381,-0.018389,-0.04965,-0.09306,-0.17712,-0.23813,-0.29884,-0.29038,-0.21429,-0.1768,-0.12981,-0.077646,-0.027188,0.012712,0.045196,0.083186,0.10702,0.10902,0.097872,0.082709,0.062089,0.031653,0.010101
NaN,NaN,-0.15768,-0.099998,-0.0067525,0.054769,0.079589,0.071925,0.050595,0.027334,-0.015073,-0.046019,-0.1018,-0.18614,-0.24641,-0.30489,-0.29555,-0.22556,-0.19448,-0.14051,-0.08002,-0.032063,0.010877,0.048549,0.085773,0.11152,0.11278,0.099603,0.082262,0.051943,0.023833,0.014511
NaN,NaN,-0.16089,-0.15365,-0.089941,-0.012072,0.045015,0.058717,0.042422,0.022226,-0.018222,-0.050646,-0.10513,-0.19484,-0.25534,-0.30953,-0.29836,-0.23837,-0.20957,-0.15413,-0.093329,-0.039153,0.0070508,0.052698,0.087702,0.10538,0.10888,0.096866,0.076269,0.045731,0.026054,0.014999
NaN,NaN,NaN,-0.15715,-0.1213,-0.061822,0.00023925,0.031223,0.02662,0.010168,-0.025646,-0.058039,-0.11293,-0.19804,-0.25922,-0.3176,-0.3072,-0.24666,-0.21518,-0.16082,-0.10067,-0.039532,0.017046,0.060504,0.087394,0.1021,0.10221,0.085865,0.064581,0.047561,0.036082,0.020975
NaN,NaN,NaN,NaN,-0.094655,-0.071432,-0.027977,0.012478,0.020348,-0.0032923,-0.030266,-0.0649,-0.11664,-0.19456,-0.25302,-0.31835,-0.31225,-0.25019,-0.22057,-0.17167,-0.10976,-0.036748,0.025682,0.069421,0.093979,0.10737,0.099795,0.072966,0.059011,0.049235,0.039848,0.021044
NaN,NaN,NaN,NaN,NaN,NaN,-0.04047,-0.0062289,0.008411,-0.011969,-0.040704,-0.07186,-0.11662,-0.19039,-0.24882,-0.32037,-0.32363,-0.258,-0.22522,-0.17733,-0.11806,-0.042361,0.026286,0.073938,0.10346,0.10921,0.093506,0.066698,0.052551,0.046553,0.039663,0.022863
NaN,NaN,NaN,NaN,NaN,NaN,-0.035614,-0.012557,0.0015894,-0.019818,-0.047022,-0.06807,-0.11659,-0.19524,-0.25993,-0.33156,-0.33008,-0.26931,-0.23409,-0.18369,-0.12198,-0.048499,0.020263,0.070257,0.10318,0.1054,0.082272,0.056066,0.040847,0.038015,0.029237,0.019196
NaN,NaN,NaN,NaN,NaN,NaN,NaN,-0.0173,-0.0076872,-0.024086,-0.043099,-0.069012,-0.12717,-0.20098,-0.25842,-0.33532,-0.33645,-0.27804,-0.23699,-0.18481,-0.13128,-0.056403,0.010127,0.057205,0.085178,0.091,0.068221,0.038751,0.023298,0.026668,0.024363,0.017143
NaN,NaN,NaN,NaN,NaN,NaN,NaN,-0.004378,-0.00036342,-0.013891,-0.041952,-0.069586,-0.11601,-0.1893,-0.24985,-0.33632,-0.34973,-0.28923,-0.24562,-0.19202,-0.13304,-0.070864,-0.0098967,0.030532,0.059378,0.074509,0.063347,0.033178,0.017638,0.020348,0.024428,0.021202
NaN,NaN,NaN,0.051863,0.061469,NaN,NaN,NaN,-0.013806,-0.012232,-0.044241,-0.077155,-0.11463,-0.17464,-0.24219,-0.33858,-0.35732,-0.29467,-0.25264,-0.19496,-0.13368,-0.080735,-0.021546,0.014714,0.045613,0.06898,0.065317,0.043701,0.024823,0.022693,0.024938,0.021183
NaN,0.063539,0.060741,0.054914,0.060481,0.043882,NaN,NaN,-0.047658,-0.030317,-0.061052,-0.10008,-0.12123,-0.1648,-0.23414,-0.3419,-0.37116,-0.30608,-0.2546,-0.19706,-0.13434,-0.083946,-0.041806,0.00045626,0.038392,0.064743,0.071358,0.061501,0.043353,0.030672,0.019749,0.013913
0.016692,0.058793,0.050239,0.043778,0.048963,0.035747,NaN,NaN,-0.065931,-0.042707,-0.072958,-0.12301,-0.13751,-0.16455,-0.23366,-0.34167,-0.38846,-0.31459,-0.25064,-0.1893,-0.13546,-0.09874,-0.058939,-0.015846,0.025338,0.051261,0.065236,0.06593,0.045626,0.020477,0.010423,0.0088514
-0.0077443,0.024673,0.025158,0.037847,0.047616,0.048698,NaN,NaN,-0.03894,-0.04216,-0.096272,-0.14573,-0.14899,-0.16772,-0.22989,-0.33749,-0.3899,-0.31034,-0.2378,-0.18367,-0.14228,-0.11605,-0.081299,-0.034262,0.0074569,0.035007,0.057195,0.066535,0.046802,0.017384,0.0094038,0.010999
0.0043553,0.015311,0.011985,0.031258,0.03389,NaN,NaN,NaN,NaN,-0.064364,-0.14358,-0.17432,-0.15272,-0.1696,-0.22798,-0.32668,-0.37366,-0.30173,-0.23708,-0.19824,-0.15862,-0.12788,-0.098604,-0.060375,-0.017014,0.017029,0.052334,0.070544,0.053339,0.024332,0.013877,0.013749
0.053932,0.043935,0.019319,0.026722,0.012991,NaN,0.01596,-0.0049839,NaN,-0.080352,-0.17468,-0.1859,-0.15732,-0.16722,-0.22357,-0.31738,-0.36052,-0.29909,-0.24381,-0.22846,-0.19504,-0.15124,-0.1125,-0.08686,-0.051704,-0.0038764,0.044651,0.07032,0.062019,0.03188,0.01718,0.017428
0.071252,0.061647,0.035556,0.03107,0.032743,0.030144,0.021792,0.0028611,NaN,NaN,-0.15935,-0.16468,-0.16212,-0.1707,-0.21523,-0.30221,-0.35508,-0.31697,-0.27167,-0.2685,-0.24829,-0.19119,-0.13485,-0.10651,-0.072814,-0.019842,0.033371,0.065031,0.061996,0.035262,0.017949,0.021098
0.057516,0.035884,0.022661,0.0295,0.031405,0.018064,0.0051129,-0.0024904,NaN,NaN,NaN,-0.12302,-0.14796,-0.16333,-0.20302,-0.28962,-0.36304,-0.362,-0.33602,-0.31725,-0.28187,-0.22067,-0.1628,-0.12248,-0.077262,-0.020878,0.029641,0.057302,0.058082,0.035442,0.023842,0.020515
NaN,NaN,0.012822,0.024879,0.022341,-0.0038931,-0.018858,-0.017035,-0.017731,-0.046561,-0.069227,NaN,-0.12356,-0.16013,-0.20578,-0.27609,-0.35252,-0.39329,-0.41782,-0.37092,-0.27431,-0.21642,-0.17779,-0.13836,-0.080722,-0.016934,0.030541,0.049908,0.051446,0.040724,0.02503,0.026447
0.046118,NaN,NaN,0.025684,0.016233,-0.002145,-0.027698,-0.035615,-0.038074,-0.05284,-0.074064,NaN,-0.14098,-0.18319,-0.21401,-0.24338,-0.289,-0.35222,NaN,-0.41885,-0.30323,-0.20338,-0.15578,-0.11344,-0.053596,-0.0016784,0.031658,0.043291,0.049708,0.048825,0.034172,0.026359
0.038375,0.033262,0.030362,0.018988,0.0017318,-0.0064065,-0.033323,-0.056666,-0.055991,-0.064999,-0.085317,-0.11513,-0.16031,-0.18025,-0.19126,NaN,NaN,NaN,NaN,NaN,NaN,-0.21063,-0.12655,-0.069487,-0.014118,0.017192,0.028931,0.041336,0.053045,0.057816,0.052807,0.032184
0.037824,0.0301,0.023806,0.0071481,-0.007451,-0.007457,-0.035987,-0.06795,-0.072012,-0.080495,-0.078408,NaN,NaN,NaN,NaN,NaN,NaN,NaN,NaN,NaN,NaN,NaN,-0.16205,-0.11513,-0.035673,0.020004,0.038149,0.051715,0.065058,0.07269,0.069023,0.049643
0.049428,0.052371,0.036003,0.014571,-0.0058054,-0.0065335,-0.039393,-0.078803,-0.081683,-0.090855,NaN,NaN,NaN,NaN,NaN,NaN,NaN,NaN,NaN,NaN,NaN,NaN,NaN,NaN,-0.073293,0.0060163,0.033024,0.045151,0.061859,0.071486,0.080532,0.072048
0.075169,0.068067,0.040019,0.018426,-0.0080671,-0.017795,-0.047497,-0.080302,-0.084444,-0.096259,NaN,NaN,NaN,NaN,NaN,NaN,NaN,NaN,NaN,NaN,NaN,NaN,NaN,NaN,NaN,-0.030252,0.0095366,0.023001,0.040221,0.043072,0.054657,0.056856
0.063555,0.047563,0.019237,0.0019744,-0.016235,-0.036026,-0.068444,-0.08673,-0.089198,-0.097996,NaN,NaN,NaN,NaN,NaN,NaN,NaN,NaN,NaN,NaN,NaN,NaN,NaN,NaN,NaN,-0.097035,-0.065477,-0.043494,-0.026412,-0.019682,0.0042523,NaN
0.045021,0.030526,0.0095043,-0.0071885,-0.021427,-0.048057,-0.073965,-0.086542,-0.091923,-0.091995,NaN,NaN,NaN,NaN,NaN,NaN,NaN,NaN,NaN,NaN,NaN,NaN,NaN,NaN,NaN,NaN,NaN,NaN,NaN,NaN,NaN,NaN
0.037514,0.028614,0.0063903,-0.012114,-0.02496,-0.050745,-0.073089,-0.083968,-0.097455,-0.08142,NaN,NaN,NaN,NaN,NaN,NaN,NaN,NaN,NaN,NaN,NaN,NaN,NaN,NaN,NaN,NaN,NaN,NaN,NaN,NaN,NaN,NaN
0.036152,0.024776,-0.0009696,-0.021579,-0.035665,-0.061774,-0.077408,-0.087642,-0.098731,-0.081391,-0.071759,NaN,NaN,NaN,NaN,NaN,NaN,NaN,NaN,NaN,NaN,NaN,NaN,NaN,NaN,NaN,NaN,NaN,NaN,NaN,NaN,NaN
0.043849,0.032096,0.0029952,-0.019515,-0.041898,-0.068661,-0.078444,-0.0874,-0.096865,-0.088707,NaN,NaN,NaN,NaN,NaN,NaN,NaN,NaN,NaN,NaN,NaN,NaN,NaN,NaN,NaN,NaN,NaN,NaN,NaN,NaN,NaN,NaN
0.046243,0.028085,0.0039653,-0.020685,-0.044909,-0.065775,-0.077931,-0.085743,-0.096624,-0.09489,-0.095716,NaN,NaN,NaN,NaN,NaN,NaN,NaN,NaN,NaN,NaN,NaN,NaN,NaN,NaN,NaN,NaN,NaN,NaN,NaN,NaN,NaN
0.042794,0.031587,0.0088399,-0.017656,-0.044832,-0.063349,-0.07288,-0.081555,-0.098084,-0.10593,-0.10535,-0.10225,NaN,NaN,NaN,NaN,NaN,NaN,NaN,NaN,NaN,NaN,NaN,NaN,NaN,NaN,NaN,NaN,NaN,NaN,NaN,NaN
0.053157,0.039907,0.01467,-0.016776,-0.048055,-0.066011,-0.075397,-0.080279,-0.093366,-0.1029,-0.10929,-0.099275,NaN,NaN,NaN,NaN,NaN,NaN,NaN,NaN,NaN,NaN,NaN,NaN,NaN,NaN,NaN,NaN,NaN,NaN,NaN,NaN
0.056257,0.033802,0.0082679,-0.024036,-0.0492,-0.068717,-0.084139,-0.088535,-0.090524,-0.096293,-0.097324,-0.094321,-0.10699,NaN,NaN,NaN,NaN,NaN,NaN,NaN,NaN,NaN,NaN,NaN,NaN,NaN,NaN,NaN,NaN,NaN,NaN,NaN
0.060384,0.028843,-0.00011136,-0.029756,-0.05188,-0.074077,-0.092439,-0.097925,-0.094107,-0.09414,-0.096853,-0.095123,-0.10554,NaN,NaN,NaN,NaN,NaN,NaN,NaN,NaN,NaN,NaN,NaN,NaN,NaN,NaN,NaN,NaN,NaN,NaN,NaN
0.066449,0.035124,-2.3945e-06,-0.030048,-0.051816,-0.076467,-0.091448,-0.098027,-0.09206,-0.093194,-0.09772,-0.1014,-0.10135,NaN,NaN,NaN,NaN,NaN,NaN,NaN,NaN,NaN,NaN,NaN,NaN,NaN,NaN,NaN,NaN,NaN,NaN,NaN
0.062302,0.038234,0.0069394,-0.027251,-0.054427,-0.077369,-0.093666,-0.10068,-0.096643,-0.092126,-0.095702,-0.10372,-0.10427,-0.1093,-0.10999,NaN,NaN,NaN,NaN,NaN,NaN,NaN,NaN,NaN,NaN,NaN,NaN,NaN,NaN,NaN,NaN,NaN
0.054989,0.036632,-0.00023675,-0.028148,-0.054679,-0.079315,-0.088418,-0.095277,-0.099993,-0.089855,-0.092516,-0.10457,-0.11452,-0.11989,-0.1243,-0.1221,NaN,NaN,NaN,NaN,NaN,NaN,NaN,NaN,NaN,NaN,NaN,NaN,NaN,NaN,NaN,-0.036562
0.044648,0.032356,0.0021636,-0.026333,-0.051399,-0.076359,-0.090145,-0.095308,-0.09485,-0.08394,-0.089402,-0.1062,-0.1115,-0.11334,-0.11663,-0.11446,NaN,NaN,NaN,NaN,NaN,NaN,NaN,NaN,NaN,NaN,NaN,NaN,NaN,-0.059484,-0.047273,-0.033458
0.040327,0.025578,-0.00090862,-0.026643,-0.05033,-0.077071,-0.091505,-0.10168,-0.1085,-0.098749,-0.10117,-0.10567,-0.10457,-0.10501,-0.10738,-0.11254,-0.12023,NaN,NaN,NaN,NaN,NaN,NaN,NaN,NaN,NaN,NaN,NaN,-0.064111,-0.04035,-0.028857,-0.030292
0.049458,0.027075,0.006816,-0.020131,-0.049816,-0.078469,-0.097555,-0.11029,-0.11822,-0.11597,-0.115,-0.11045,-0.11256,-0.11626,-0.10785,-0.1091,-0.11703,NaN,NaN,NaN,NaN,NaN,NaN,NaN,NaN,NaN,NaN,NaN,-0.056019,-0.03129,-0.019781,-0.014815
0.051829,0.022394,-0.0018859,-0.025453,-0.05315,-0.077487,-0.098995,-0.1128,-0.12674,-0.13031,-0.12863,-0.12085,-0.11475,-0.11581,-0.11143,-0.10642,-0.11051,-0.11318,NaN,NaN,NaN,NaN,NaN,NaN,NaN,NaN,NaN,-0.085621,-0.067477,-0.041926,-0.025777,-0.020247
0.050838,0.027705,-0.0015929,-0.030292,-0.060104,-0.077996,-0.093612,-0.11387,-0.13536,-0.14617,-0.13425,-0.11287,-0.10166,-0.10944,-0.11234,-0.11018,-0.10812,-0.10642,NaN,NaN,NaN,NaN,NaN,NaN,NaN,-0.11261,-0.097741,-0.09027,-0.085295,-0.059411,-0.031603,-0.03397
0.044905,0.035574,0.006687,-0.02678,-0.056841,-0.080469,-0.099255,-0.11973,-0.14272,-0.15228,-0.13964,-0.11598,-0.10042,-0.10696,-0.11195,-0.10795,-0.10816,-0.11204,NaN,NaN,NaN,NaN,-0.12382,-0.12598,-0.12505,-0.12302,-0.11428,-0.11392,-0.10475,-0.076452,-0.04155,-0.031792
0.046709,0.038819,0.013265,-0.021403,-0.058594,-0.089033,-0.11247,-0.13195,-0.14419,-0.15161,-0.13988,-0.11606,-0.10203,-0.10295,-0.1072,-0.1079,-0.10685,-0.11395,-0.12107,NaN,NaN,-0.11456,-0.12574,-0.13129,-0.1348,-0.13578,-0.12904,-0.12482,-0.11845,-0.085084,-0.043674,-0.017817
0.048923,0.028832,0.0019214,-0.027796,-0.063147,-0.10024,-0.12922,-0.13832,-0.13912,-0.14256,-0.13752,-0.11397,-0.10289,-0.10402,-0.10581,-0.10773,-0.10442,-0.10753,-0.12056,-0.1275,-0.13075,-0.12939,-0.13418,-0.13775,-0.13737,-0.1356,-0.12884,-0.12632,-0.1178,-0.084508,-0.041446,-0.0031783
0.043728,0.010419,-0.016,-0.039967,-0.071323,-0.10127,-0.13104,-0.14074,-0.13095,-0.12613,-0.12683,-0.10712,-0.10168,-0.10797,-0.11097,-0.11095,-0.10636,-0.1058,-0.12062,-0.12652,-0.13488,-0.13721,-0.13489,-0.12728,-0.12502,-0.12445,-0.11939,-0.11753,-0.11204,-0.076353,-0.032686,0.0042496
0.03555,0.00017021,-0.02256,-0.04539,-0.079141,-0.11291,-0.13345,-0.13526,-0.12567,-0.11759,-0.10937,-0.099043,-0.097741,-0.11127,-0.11615,-0.11149,-0.10694,-0.10542,-0.11866,-0.12177,-0.13504,-0.14399,-0.13094,-0.11803,-0.11594,-0.12274,-0.11895,-0.11899,-0.11145,-0.073331,-0.027201,0.0048662
0.029469,-0.003671,-0.026289,-0.057808,-0.096798,-0.12362,-0.13623,-0.13019,-0.12535,-0.11592,-0.10511,-0.095044,-0.096224,-0.11086,-0.11149,-0.10839,-0.10145,-0.099471,-0.11288,-0.11784,-0.13313,-0.14524,-0.13735,-0.12208,-0.12163,-0.13011,-0.12863,-0.12979,-0.11777,-0.073331,-0.029655,-0.00029961
0.018085,-0.013406,-0.044619,-0.075267,-0.10569,-0.12718,-0.12982,-0.12409,-0.12335,-0.11912,-0.10754,-0.095249,-0.092145,-0.10177,-0.10234,-0.10325,-0.094309,-0.096206,-0.10965,-0.11603,-0.12682,-0.13777,-0.14695,-0.1402,-0.13766,-0.14103,-0.13833,-0.1394,-0.12511,-0.083356,-0.034579,-0.015266
0.0070201,-0.026836,-0.054914,-0.087198,-0.10847,-0.11374,-0.11793,-0.1132,-0.11141,-0.11586,-0.11082,-0.095196,-0.088509,-0.097666,-0.093194,-0.088611,-0.086153,-0.092766,-0.1094,-0.12189,-0.12932,-0.13669,-0.15086,-0.15875,-0.15003,-0.15034,-0.14799,-0.14337,-0.12203,-0.078306,-0.036137,-0.020171
-0.013581,-0.037272,-0.069189,-0.097104,-0.1117,-0.10673,-0.10716,-0.11115,-0.10959,-0.11168,-0.11147,-0.10366,-0.094318,-0.10779,-0.085327,-0.066063,-0.07227,-0.089863,-0.10882,-0.12214,-0.13065,-0.12769,-0.14305,-0.15112,-0.15085,-0.14794,-0.14973,-0.13609,-0.10953,-0.070297,-0.035294,-0.01889
-0.025479,-0.048012,-0.074804,-0.094812,-0.11008,-0.10356,-0.098832,-0.10736,-0.10978,-0.10711,-0.10563,-0.10738,-0.10511,-0.10956,-0.084875,-0.063162,-0.0708,-0.086693,-0.10742,-0.11881,-0.12952,-0.12488,-0.13036,-0.13582,-0.13785,-0.14377,-0.14361,-0.12181,-0.091665,-0.064533,-0.036755,-0.025309
-0.034676,-0.056932,-0.057632,-0.056909,-0.078758,-0.078855,-0.070448,-0.088675,-0.10139,-0.10377,-0.10245,-0.10558,-0.10444,-0.10925,-0.096609,-0.082511,-0.0809,-0.080336,-0.09532,-0.11,-0.12742,-0.12569,-0.12064,-0.11506,-0.11961,-0.13229,-0.13048,-0.10505,-0.074541,-0.060763,-0.04648,-0.028128
-0.046762,-0.05706,-0.050553,-0.058572,-0.084385,-0.084597,-0.051622,-0.074709,-0.10634,-0.12509,-0.11087,-0.090329,-0.088455,-0.10605,-0.10391,-0.096415,-0.088122,-0.075691,-0.087055,-0.10149,-0.12151,-0.12476,-0.11829,-0.10515,-0.10718,-0.12567,-0.12948,-0.10754,-0.075284,-0.071008,-0.066413,-0.046504
-0.060359,-0.058048,-0.055522,NaN,NaN,NaN,NaN,NaN,NaN,NaN,-0.11727,-0.07777,-0.074466,-0.10265,-0.11196,-0.10602,-0.093279,-0.07305,-0.086986,-0.092592,-0.10667,-0.1146,-0.11523,-0.10108,-0.10005,-0.11707,-0.12923,-0.11476,-0.078272,-0.064608,-0.072041,-0.05915
-0.077219,-0.077144,NaN,NaN,NaN,NaN,NaN,NaN,NaN,NaN,NaN,NaN,-0.068495,-0.098786,-0.11549,-0.11628,-0.10618,-0.083431,-0.090524,-0.093985,-0.096353,-0.096305,-0.10002,-0.09166,-0.086764,-0.099754,-0.12023,-0.11799,-0.084876,-0.06709,-0.076323,-0.063627
-0.083161,NaN,NaN,NaN,NaN,NaN,NaN,NaN,NaN,NaN,NaN,NaN,-0.072595,-0.097067,-0.11918,-0.12687,-0.11468,-0.090514,-0.10055,-0.10297,-0.098141,-0.082189,-0.084515,-0.082799,-0.079812,-0.083091,-0.1014,-0.11532,-0.10104,-0.09103,-0.092271,-0.080947
NaN,NaN,NaN,NaN,NaN,NaN,NaN,NaN,NaN,NaN,NaN,NaN,NaN,-0.10006,-0.12717,-0.14065,-0.12836,-0.10572,-0.1178,-0.11952,-0.10668,-0.086695,-0.080869,-0.078797,-0.072333,-0.072477,-0.085354,-0.1067,-0.10906,-0.10782,-0.10821,-0.099793
NaN,NaN,NaN,NaN,NaN,NaN,NaN,NaN,NaN,NaN,NaN,NaN,NaN,NaN,-0.12963,-0.15171,-0.14554,-0.11971,-0.13215,-0.13321,-0.12635,-0.10252,-0.080958,-0.071464,-0.061685,-0.0626,-0.078526,-0.091814,-0.098211,-0.1019,-0.10861,-0.10288
NaN,NaN,NaN,NaN,NaN,NaN,NaN,NaN,NaN,NaN,NaN,NaN,NaN,-0.097414,-0.11928,-0.1429,-0.14344,-0.12917,-0.13534,-0.1368,-0.1327,-0.11055,-0.08812,-0.069459,-0.057197,-0.056476,-0.065223,-0.077323,-0.086801,-0.09684,-0.10452,-0.10255
NaN,NaN,NaN,NaN,NaN,NaN,NaN,NaN,NaN,NaN,NaN,NaN,NaN,-0.097364,-0.11331,-0.13121,-0.14014,-0.12495,-0.12689,-0.1285,-0.13221,-0.11335,-0.091084,-0.066146,-0.049903,-0.047327,-0.054525,-0.060403,-0.071792,-0.082412,-0.090873,-0.091577
NaN,NaN,NaN,NaN,NaN,NaN,NaN,NaN,NaN,NaN,NaN,NaN,NaN,-0.10852,-0.11991,-0.13856,-0.14799,-0.13022,-0.12253,-0.12272,-0.1261,-0.10881,-0.089237,-0.060641,-0.044454,-0.043374,-0.046267,-0.050088,-0.058626,-0.074033,-0.084553,-0.085003
