NaN,NaN,NaN,NaN,NaN,NaN,NaN,NaN,NaN,NaN,NaN,NaN,NaN,-0.12189,-0.086866,-0.08253,-0.0071081,0.18785,0.33585,0.31956,0.2648,0.27518,0.2629,0.23269,0.20455,0.17197,0.11562,0.076924,0.077781,0.0083346,-0.10669,-0.18001
NaN,NaN,NaN,NaN,NaN,NaN,NaN,NaN,NaN,NaN,NaN,NaN,NaN,-0.16533,-0.14216,-0.11582,-0.046389,0.11842,0.27753,0.30446,0.26527,0.27197,0.25339,0.21407,0.20412,0.21036,0.17033,0.12621,0.09443,0.042806,-0.066607,-0.18149
NaN,NaN,NaN,NaN,NaN,NaN,NaN,NaN,NaN,NaN,NaN,NaN,NaN,-0.18351,-0.16956,-0.12056,-0.07808,0.038144,0.18474,0.22689,0.21708,0.22096,0.20932,0.19726,0.19745,0.23105,0.21512,0.16366,0.12382,0.056559,-0.023921,-0.12334
NaN,NaN,NaN,NaN,NaN,NaN,NaN,NaN,NaN,NaN,NaN,NaN,NaN,-0.17616,-0.16164,-0.10115,-0.083174,-0.023453,0.071317,0.10082,0.077647,0.09836,0.11225,0.12987,0.13886,0.19671,0.22392,0.21363,0.17079,0.072367,0.026978,-0.042722
NaN,NaN,NaN,NaN,NaN,NaN,NaN,NaN,NaN,NaN,NaN,NaN,NaN,NaN,-0.17802,-0.10077,-0.091517,-0.075181,-0.0047901,-0.0096545,-0.053733,-0.051202,-0.066256,-0.080397,-0.055002,0.038784,0.1509,0.22014,0.20307,0.14834,0.064525,0.0087005
NaN,NaN,NaN,NaN,NaN,NaN,NaN,NaN,NaN,NaN,NaN,NaN,NaN,NaN,-0.21035,-0.1038,NaN,-0.17404,-0.11864,-0.11781,-0.19817,-0.24229,-0.33577,-0.453,-0.4603,-0.27321,-0.013943,0.16634,0.19773,0.17131,0.099407,0.055405
NaN,NaN,NaN,NaN,NaN,NaN,NaN,NaN,NaN,NaN,NaN,NaN,NaN,NaN,NaN,NaN,NaN,NaN,-0.25364,-0.25966,-0.33117,-0.40327,-0.53664,-0.69801,-0.69811,-0.50296,-0.1689,0.064719,0.13365,0.12742,0.14582,0.11362
NaN,NaN,NaN,NaN,NaN,NaN,NaN,NaN,NaN,NaN,NaN,NaN,NaN,NaN,NaN,NaN,NaN,NaN,NaN,NaN,-0.49035,-0.50648,-0.62045,NaN,NaN,NaN,NaN,-0.0634,0.049129,0.11582,0.20407,0.19807
NaN,NaN,NaN,NaN,NaN,NaN,NaN,NaN,NaN,NaN,NaN,NaN,NaN,NaN,NaN,NaN,NaN,NaN,NaN,NaN,NaN,NaN,NaN,NaN,NaN,NaN,NaN,NaN,NaN,NaN,0.11447,0.14493
NaN,NaN,NaN,NaN,NaN,NaN,NaN,NaN,NaN,NaN,NaN,NaN,NaN,NaN,NaN,NaN,NaN,NaN,NaN,NaN,NaN,NaN,NaN,NaN,NaN,NaN,NaN,NaN,NaN,NaN,NaN,0.039553
NaN,NaN,NaN,NaN,NaN,NaN,NaN,NaN,NaN,NaN,NaN,NaN,NaN,NaN,NaN,NaN,NaN,NaN,NaN,NaN,NaN,NaN,NaN,NaN,NaN,NaN,NaN,NaN,NaN,NaN,NaN,NaN
NaN,NaN,NaN,NaN,NaN,NaN,NaN,NaN,NaN,NaN,NaN,NaN,NaN,NaN,NaN,NaN,NaN,NaN,NaN,NaN,NaN,NaN,NaN,NaN,NaN,NaN,NaN,NaN,NaN,NaN,NaN,NaN
NaN,NaN,NaN,NaN,NaN,NaN,NaN,NaN,NaN,NaN,NaN,NaN,NaN,NaN,NaN,NaN,NaN,NaN,NaN,NaN,NaN,NaN,NaN,NaN,NaN,NaN,NaN,NaN,NaN,NaN,NaN,NaN
NaN,NaN,NaN,NaN,NaN,NaN,NaN,NaN,NaN,NaN,NaN,NaN,NaN,NaN,NaN,NaN,NaN,NaN,NaN,NaN,NaN,NaN,NaN,NaN,NaN,NaN,NaN,NaN,NaN,NaN,NaN,NaN
NaN,NaN,NaN,NaN,NaN,NaN,NaN,NaN,NaN,NaN,NaN,NaN,NaN,NaN,NaN,NaN,NaN,NaN,NaN,NaN,NaN,NaN,NaN,NaN,NaN,NaN,NaN,NaN,NaN,NaN,NaN,NaN
NaN,NaN,NaN,NaN,NaN,NaN,NaN,NaN,NaN,NaN,NaN,NaN,NaN,NaN,NaN,NaN,NaN,NaN,NaN,NaN,NaN,NaN,NaN,NaN,NaN,NaN,NaN,NaN,NaN,NaN,NaN,NaN
NaN,NaN,NaN,NaN,NaN,NaN,NaN,NaN,NaN,NaN,NaN,NaN,NaN,NaN,NaN,NaN,NaN,NaN,NaN,NaN,NaN,NaN,NaN,NaN,NaN,NaN,NaN,NaN,NaN,NaN,NaN,NaN
NaN,NaN,NaN,NaN,NaN,NaN,NaN,NaN,NaN,NaN,NaN,NaN,NaN,NaN,NaN,NaN,-0.25515,NaN,NaN,NaN,NaN,NaN,NaN,NaN,NaN,NaN,NaN,NaN,NaN,NaN,NaN,0.11504
NaN,NaN,NaN,NaN,NaN,NaN,NaN,NaN,NaN,NaN,NaN,NaN,NaN,NaN,NaN,NaN,-0.24024,NaN,NaN,NaN,NaN,NaN,NaN,NaN,NaN,NaN,NaN,NaN,NaN,0.046103,0.1305,0.12807
NaN,NaN,-0.30119,-0.25916,NaN,NaN,NaN,NaN,NaN,NaN,NaN,NaN,NaN,NaN,NaN,NaN,NaN,NaN,NaN,NaN,NaN,NaN,NaN,NaN,NaN,NaN,-0.060681,0.028569,0.070664,0.062077,0.10523,0.12692
NaN,NaN,NaN,-0.26788,-0.22145,-0.1391,NaN,NaN,NaN,NaN,NaN,NaN,NaN,NaN,NaN,NaN,NaN,NaN,NaN,NaN,NaN,NaN,NaN,NaN,NaN,-0.02488,0.018657,0.05137,0.070632,0.077542,0.11862,0.15278
NaN,NaN,NaN,NaN,NaN,-0.1699,-0.17874,-0.26166,NaN,NaN,NaN,NaN,NaN,NaN,NaN,NaN,NaN,NaN,-0.053806,0.0074049,NaN,NaN,NaN,NaN,NaN,0.049308,0.055761,0.048919,0.090227,0.11738,0.1783,0.19428
NaN,NaN,NaN,NaN,NaN,NaN,-0.1698,-0.18004,NaN,NaN,NaN,NaN,NaN,NaN,NaN,NaN,NaN,-0.16316,-0.10072,-0.011382,0.053883,0.015128,0.010707,0.018437,0.028277,0.025502,0.023292,0.080633,0.13981,0.1502,0.16945,0.1601
NaN,NaN,NaN,NaN,NaN,NaN,NaN,NaN,NaN,NaN,NaN,NaN,NaN,NaN,NaN,NaN,-0.11525,-0.09858,-0.046961,0.026563,0.10401,0.076416,0.065374,0.068601,0.053407,0.053019,0.064218,0.13781,0.19942,0.12827,0.11728,0.06831
NaN,NaN,NaN,NaN,NaN,NaN,NaN,NaN,NaN,-0.22553,NaN,NaN,NaN,NaN,NaN,-0.070092,-0.095238,-0.055891,-0.0065575,0.043363,0.087649,0.072327,0.066653,0.050336,0.066049,NaN,NaN,NaN,NaN,0.10436,0.11027,0.034817
NaN,NaN,NaN,NaN,NaN,NaN,NaN,NaN,NaN,-0.24628,NaN,NaN,NaN,NaN,-0.035354,-0.07401,-0.10971,-0.053738,0.0033454,0.0221,0.059005,0.05503,0.090097,0.048793,NaN,NaN,NaN,NaN,NaN,0.13479,0.10565,0.027904
-0.49571,NaN,NaN,NaN,NaN,NaN,NaN,NaN,-0.229,-0.087527,NaN,NaN,NaN,-0.053036,-0.042189,-0.1125,-0.11243,-0.057067,-0.035859,-0.030768,0.031688,0.064411,0.11996,NaN,NaN,NaN,0.13961,0.11672,0.1309,0.12792,0.10901,0.090525
NaN,-0.39533,NaN,NaN,NaN,NaN,NaN,NaN,-0.12346,0.0621,NaN,-0.16618,-0.079326,-0.019711,-0.063381,-0.13102,-0.1025,-0.033295,-0.010494,0.00058016,0.06064,0.076534,0.12798,0.1657,0.19215,0.18698,0.15713,0.11817,0.075886,0.092306,0.1185,0.12656
NaN,NaN,-0.38746,NaN,NaN,NaN,NaN,NaN,-0.13133,-0.055656,-0.15823,-0.038814,-0.062499,-0.058155,-0.12266,-0.1706,-0.15115,-0.04647,0.0045546,0.0033843,0.058803,0.10183,0.16906,0.19178,0.20555,0.21685,0.18598,0.12483,0.096661,0.098976,0.13185,0.10165
NaN,NaN,-0.35477,NaN,NaN,NaN,NaN,-0.15436,-0.092489,-0.010774,0.012533,0.026102,-0.06742,-0.064353,-0.13134,-0.1994,-0.18742,-0.092454,-0.037023,-0.021704,0.021095,0.072534,0.14075,0.1517,0.17463,0.18487,0.17503,0.12308,0.080177,0.079177,0.11005,0.10627
NaN,NaN,-0.36945,NaN,NaN,NaN,-0.48767,-0.285,-0.13855,-0.081423,-0.061753,-0.084767,-0.087022,-0.022918,-0.11118,-0.20127,-0.17266,-0.094738,-0.057129,-0.050348,0.0035162,0.057814,0.11903,0.13629,0.12219,0.12008,0.1113,0.108,0.085923,0.11168,0.12499,0.11045
NaN,NaN,NaN,-0.22027,NaN,-0.58655,-0.41384,-0.24797,-0.1656,-0.12714,-0.1148,-0.12559,-0.10203,-0.056858,-0.12704,-0.19453,-0.16325,-0.094115,-0.073493,-0.061921,0.0047278,0.037553,0.069055,0.084373,0.061789,0.058857,0.077816,0.069634,0.082237,0.14206,0.12751,0.10269
NaN,NaN,NaN,-0.22394,-0.3973,-0.38833,-0.22887,-0.17736,-0.14737,-0.13022,-0.11375,-0.1177,-0.12662,-0.11411,-0.15864,-0.16014,-0.12703,-0.082543,-0.067209,-0.042127,0.028404,0.019488,0.040701,0.075559,0.049391,0.049961,0.054622,0.039694,0.074899,0.12321,0.11171,0.071648
NaN,NaN,NaN,-0.21136,-0.2767,-0.26065,-0.21564,-0.1959,-0.16905,-0.155,-0.12132,-0.10728,-0.12487,-0.13663,-0.16456,-0.13588,-0.11142,-0.069392,-0.061551,-0.0085996,0.096782,0.051366,0.050931,0.072964,0.059458,0.066483,0.046676,0.0034835,0.029145,0.082526,0.08488,0.045168
NaN,NaN,NaN,-0.18684,-0.23467,-0.24034,-0.22159,-0.21726,-0.16939,-0.15127,-0.13097,-0.10785,-0.12583,-0.11353,-0.12295,-0.10595,-0.10992,-0.072856,-0.052004,0.001703,0.091035,0.08553,0.074872,0.074414,0.071447,0.086866,0.036242,-0.024691,-0.018067,0.015826,0.06489,0.055608
NaN,NaN,NaN,-0.24496,-0.26012,-0.24309,-0.20507,-0.18641,-0.13863,-0.1408,-0.1375,-0.12553,-0.11905,-0.092328,-0.085572,-0.090051,-0.093805,-0.07117,-0.055885,-0.014693,0.040188,0.065612,0.081742,0.077945,0.079552,0.087581,0.041885,-0.014081,-0.046682,-0.059853,0.0086998,0.034591
NaN,NaN,NaN,-0.25618,-0.24726,-0.22185,-0.19093,-0.1505,-0.12833,-0.12352,-0.12193,-0.12354,-0.14467,-0.087375,-0.092733,-0.090857,-0.091531,-0.0893,-0.0641,-0.025688,0.044137,0.04612,0.037344,0.061545,0.063044,0.060783,0.030592,0.0035966,-0.035338,-0.094968,-0.06788,-0.012854
NaN,NaN,NaN,NaN,-0.20318,-0.19426,-0.16569,-0.1579,-0.16242,-0.16662,-0.14091,-0.14106,-0.14774,-0.12561,-0.10424,-0.08957,-0.11348,-0.10183,-0.0427,0.016961,0.050794,0.049813,0.051069,0.037159,0.0511,0.053796,0.0061371,-0.034703,-0.088434,-0.15704,-0.17418,-0.1012
NaN,NaN,NaN,NaN,NaN,-0.2118,-0.17638,-0.17356,-0.16648,-0.15767,-0.13221,-0.12723,-0.15192,-0.14766,-0.1121,-0.10986,-0.12312,-0.093597,-0.025514,0.025608,0.042341,0.044467,0.050983,0.05007,0.055426,0.065702,0.0026339,-0.092039,-0.13064,-0.18294,-0.21155,-0.15518
NaN,NaN,NaN,NaN,NaN,NaN,NaN,-0.21994,-0.20787,-0.15294,-0.077268,-0.069238,-0.10556,-0.12139,-0.094233,-0.082892,-0.12306,-0.1003,-0.031874,0.005601,0.01836,0.037821,0.059926,0.049051,0.060518,0.070869,-0.0035772,-0.12159,-0.15639,-0.21071,-0.2487,-0.22346
NaN,NaN,NaN,NaN,NaN,NaN,NaN,NaN,NaN,-0.19819,-0.12504,-0.068697,-0.054806,-0.065225,-0.080067,-0.079111,-0.13408,-0.12238,-0.076598,-0.027268,0.013938,0.053835,0.05227,0.043502,0.054309,0.075135,-0.005462,-0.13128,-0.19483,-0.26499,-0.30847,-0.27998
NaN,NaN,NaN,NaN,NaN,NaN,NaN,NaN,NaN,NaN,NaN,-0.1259,-0.036387,-0.015574,-0.051768,-0.076342,-0.14684,-0.16298,-0.1109,-0.048653,0.047814,0.069147,0.031346,0.024199,0.038739,0.050339,-0.01997,-0.1451,-0.23294,-0.32027,-0.34763,-0.33529
NaN,NaN,NaN,NaN,NaN,NaN,NaN,NaN,NaN,NaN,NaN,-0.14226,-0.06398,-0.024217,-0.058983,-0.089737,-0.14572,-0.14661,-0.10407,-0.061913,0.060673,0.099596,0.045126,0.031587,0.028578,0.017831,-0.040386,-0.14899,-0.27055,-0.36379,-0.37038,-0.3688
NaN,NaN,NaN,NaN,NaN,NaN,NaN,NaN,-0.28587,-0.26876,-0.22388,NaN,NaN,-0.086138,-0.078888,-0.11057,-0.14373,-0.13496,-0.098939,-0.056632,0.06892,0.09609,0.051609,0.01922,0.0091927,-0.045947,-0.10866,-0.21609,-0.32404,-0.37811,-0.37908,-0.38623
NaN,NaN,NaN,NaN,NaN,NaN,NaN,-0.21902,-0.25991,-0.25861,-0.23857,-0.16784,-0.14644,-0.076202,-0.069887,-0.085098,-0.10294,-0.10595,-0.11323,-0.054761,0.059583,0.078829,0.024249,0.023211,0.0036737,-0.062252,-0.13712,-0.25135,-0.33338,-0.3738,-0.37552,-0.3589
NaN,NaN,NaN,NaN,NaN,NaN,-0.18849,-0.20936,-0.2593,-0.24743,-0.24202,-0.18573,-0.14966,-0.092192,-0.086085,-0.080463,-0.08602,-0.074139,-0.077815,-0.037623,0.065107,0.061708,0.024752,0.03122,0.0039533,-0.060344,-0.15455,-0.28099,-0.34864,-0.36606,-0.37437,-0.41032
NaN,NaN,NaN,NaN,NaN,-0.20249,-0.15818,-0.19842,-0.24782,-0.23287,-0.21973,-0.1803,-0.14206,-0.11432,-0.1135,-0.088093,-0.06023,-0.03965,-0.049109,-0.018347,0.051577,0.019546,0.013628,0.025561,-0.00071101,-0.074395,-0.17865,-0.27904,-0.34098,-0.35761,-0.39037,-0.44493
NaN,NaN,NaN,NaN,NaN,-0.20166,-0.16267,-0.19286,-0.23467,-0.25403,-0.22989,-0.20377,-0.15603,-0.13254,-0.11347,-0.046172,-0.028482,-0.00060045,-0.034944,-0.022802,0.019971,-0.0096073,-0.0010171,-0.016989,-0.063787,-0.11201,-0.19493,-0.24473,-0.30048,-0.35849,-0.42158,-0.50029
NaN,NaN,NaN,NaN,-0.40849,-0.26673,-0.21062,-0.24129,-0.27673,-0.29086,-0.26526,-0.21925,-0.17831,-0.1696,-0.11557,-0.043894,-0.01114,0.0081049,-0.028833,-0.056375,-0.038142,-0.024982,-0.03071,-0.067245,-0.10721,-0.1304,-0.18306,-0.22305,-0.27156,-0.36706,-0.47162,-0.54864
NaN,NaN,NaN,NaN,NaN,-0.38025,-0.31812,-0.3135,-0.31773,-0.33216,-0.30016,-0.23969,-0.20088,-0.19882,-0.13754,-0.049501,-0.010749,0.0024652,-0.065604,-0.11363,-0.11175,-0.086982,-0.08441,-0.087898,-0.11587,-0.12453,-0.1629,-0.20428,-0.26978,-0.39616,-0.49588,-0.5608
NaN,NaN,NaN,NaN,NaN,NaN,-0.44927,-0.40009,-0.3509,-0.3527,-0.31567,-0.2624,-0.21995,-0.20497,-0.13754,-0.038899,-0.0082314,-0.011567,-0.1024,-0.16532,-0.17516,-0.16246,-0.12083,-0.092991,-0.09064,-0.10646,-0.14375,-0.18748,-0.285,-0.42036,-0.50105,-0.55589
NaN,NaN,NaN,NaN,NaN,NaN,NaN,NaN,-0.37548,-0.37979,-0.34448,-0.3048,-0.23348,-0.18863,-0.13832,-0.058617,-0.013993,-0.022758,-0.12483,-0.20223,-0.21966,-0.20715,-0.16749,-0.11116,-0.08415,-0.10301,-0.13127,-0.15115,-0.23436,-0.38266,-0.46077,-0.52527
NaN,NaN,NaN,NaN,NaN,NaN,NaN,NaN,-0.3047,-0.35726,-0.3705,-0.36612,-0.27522,NaN,-0.14325,-0.11704,-0.068494,-0.044287,-0.12599,-0.19085,-0.2372,-0.23265,-0.21173,-0.15844,-0.12679,-0.1195,-0.12466,-0.11523,-0.157,-0.29152,-0.38777,-0.4645
NaN,NaN,NaN,NaN,NaN,NaN,NaN,NaN,NaN,NaN,-0.39953,NaN,-0.34314,-0.22929,NaN,NaN,-0.085312,-0.061791,-0.10229,-0.15042,-0.20618,-0.23668,-0.2453,-0.21779,-0.18817,-0.1468,-0.14494,-0.12612,-0.13332,-0.25142,-0.33667,-0.41732
NaN,NaN,NaN,NaN,NaN,NaN,NaN,NaN,NaN,-0.38226,-0.36066,-0.31215,NaN,NaN,-0.21627,NaN,NaN,-0.053771,-0.044553,-0.11558,-0.18227,-0.22919,-0.26082,-0.2778,-0.27338,-0.21713,-0.16786,-0.13997,-0.12882,-0.18466,-0.26712,-0.32285
NaN,NaN,NaN,NaN,NaN,NaN,NaN,NaN,NaN,NaN,-0.29608,-0.32004,-0.29189,NaN,NaN,NaN,NaN,NaN,-0.052986,-0.093813,-0.18302,-0.26634,-0.28861,-0.31408,-0.34765,-0.30376,-0.22087,-0.17712,-0.14258,-0.14654,-0.18145,-0.24373
NaN,NaN,NaN,NaN,NaN,NaN,NaN,NaN,NaN,NaN,NaN,-0.32872,-0.31857,-0.33512,-0.31784,-0.30075,-0.31279,NaN,NaN,-0.12583,-0.22992,-0.33011,-0.35336,-0.38074,-0.41642,-0.35338,-0.2428,-0.18147,-0.13958,-0.11681,-0.12405,-0.19445
NaN,NaN,NaN,NaN,NaN,-0.052734,-0.13665,NaN,NaN,NaN,NaN,-0.33869,-0.3213,-0.33092,-0.33601,-0.3203,-0.27811,-0.26008,-0.2112,NaN,-0.26731,-0.36205,-0.42609,-0.44122,-0.43618,-0.36483,-0.26428,-0.19633,-0.14713,-0.14935,-0.17316,-0.22986
NaN,NaN,NaN,NaN,NaN,-0.076342,-0.21676,-0.31711,NaN,NaN,-0.31922,-0.31401,-0.336,-0.33773,-0.34655,-0.30754,-0.25758,-0.23994,-0.22229,-0.24639,-0.30023,-0.34041,-0.44682,-0.46229,-0.41417,-0.35598,-0.29171,-0.23086,-0.19377,-0.22739,-0.24997,-0.28697
NaN,NaN,NaN,NaN,NaN,-0.29854,-0.28443,-0.3013,-0.30636,-0.25973,-0.26497,-0.30691,-0.3591,-0.33595,-0.32267,NaN,NaN,-0.28066,-0.25504,-0.24797,-0.3287,-0.30691,-0.42423,-0.46606,-0.44384,-0.4301,-0.39452,-0.31738,-0.25217,-0.26511,-0.2869,-0.2961
NaN,NaN,NaN,NaN,NaN,-0.31601,-0.27372,-0.24022,-0.25864,-0.22749,-0.22375,-0.30096,-0.38987,-0.37312,NaN,NaN,NaN,NaN,-0.25461,-0.31786,-0.33623,-0.32912,-0.38867,-0.45541,-0.44242,-0.44751,-0.42009,-0.35114,-0.26399,-0.23908,-0.26889,-0.32118
NaN,NaN,NaN,NaN,-0.23834,-0.31141,-0.25923,-0.22868,-0.23502,-0.21621,-0.21577,-0.29285,-0.34971,-0.37494,NaN,NaN,NaN,NaN,-0.23271,-0.26969,-0.32149,-0.32614,-0.38193,-0.4459,-0.44312,-0.40699,-0.40029,-0.42414,NaN,NaN,NaN,-0.34501
NaN,NaN,NaN,NaN,-0.063824,-0.22978,-0.25787,-0.22364,-0.22695,-0.22664,-0.20586,-0.29048,-0.3255,NaN,NaN,NaN,NaN,NaN,-0.22165,-0.23216,-0.24588,-0.29719,-0.34458,-0.44115,-0.44555,-0.37168,-0.38363,NaN,NaN,NaN,NaN,NaN
NaN,NaN,NaN,0.097231,0.016748,-0.14338,-0.21841,-0.20057,-0.20274,-0.26625,-0.28653,-0.30029,-0.34436,NaN,-0.31801,NaN,-0.25946,-0.20565,-0.22761,-0.21999,-0.18157,-0.25789,-0.29248,-0.41177,-0.43064,-0.35514,-0.40064,NaN,NaN,NaN,NaN,NaN
NaN,NaN,0.14302,0.15729,-0.034331,-0.11619,-0.17612,-0.18877,-0.19555,-0.29993,-0.3441,-0.32493,-0.30609,-0.33356,-0.34966,-0.31195,-0.20341,NaN,-0.21055,-0.19314,-0.11433,-0.20678,-0.24051,-0.36599,-0.38353,-0.32204,NaN,NaN,NaN,NaN,NaN,NaN
0.0028596,0.23206,0.11471,-0.028471,-0.075358,-0.11056,-0.10559,-0.10527,-0.15826,-0.28162,-0.3472,-0.2974,-0.25304,-0.29514,-0.33659,-0.2769,-0.14517,NaN,-0.14746,-0.16586,-0.12951,-0.22088,-0.25356,-0.35629,-0.43315,-0.35689,NaN,NaN,NaN,NaN,NaN,NaN
0.12643,0.19493,0.082343,0.019319,-0.030368,-0.073726,-0.074636,-0.083964,-0.13251,-0.20899,-0.23777,-0.2335,-0.22297,-0.26499,-0.2621,-0.20415,-0.064998,0.02459,-0.069481,-0.1417,-0.14894,-0.24756,-0.30494,-0.3508,-0.46405,NaN,NaN,NaN,NaN,NaN,NaN,NaN
0.2237,0.23278,0.16914,0.1137,0.0076566,-0.047498,-0.030653,-0.043913,-0.083727,-0.12185,-0.12829,NaN,NaN,-0.2165,-0.20277,-0.15593,-0.047554,0.06763,-0.023515,-0.10872,-0.19077,-0.27301,-0.30595,-0.34217,NaN,NaN,NaN,NaN,NaN,NaN,NaN,NaN
0.15827,0.1514,0.14461,0.10673,0.011575,-0.012487,-0.0046735,-0.012623,-0.02913,-0.059494,-0.081727,-0.093808,-0.13237,-0.19453,-0.18886,-0.14346,-0.054779,0.027252,-0.056016,-0.13724,-0.23225,-0.26376,-0.26949,-0.22403,NaN,NaN,NaN,NaN,NaN,NaN,NaN,NaN
0.15138,0.097263,0.10454,0.12239,0.061341,0.0076895,-0.019827,-0.029775,-0.047848,-0.041416,-0.030442,-0.05934,-0.12408,-0.19014,-0.18976,-0.17642,-0.13046,-0.025657,-0.055158,-0.081963,-0.18783,-0.1866,-0.1306,-0.10922,NaN,NaN,NaN,NaN,NaN,NaN,NaN,NaN
0.10305,0.11282,0.12588,0.13873,0.096635,0.038354,0.00023298,-0.025822,-0.050723,-0.045696,-0.047175,-0.081113,-0.11827,-0.18076,-0.23114,-0.24333,-0.2026,-0.037709,-0.0029937,-0.061309,-0.15063,-0.12612,NaN,NaN,NaN,NaN,NaN,NaN,NaN,NaN,NaN,NaN
0.10383,0.13359,0.15505,0.15279,0.09415,0.06312,0.045088,0.011397,-0.040845,-0.050973,-0.068705,-0.11566,-0.13982,-0.16625,-0.22766,-0.28787,NaN,NaN,0.073555,0.020294,-0.085426,-0.043546,NaN,NaN,NaN,NaN,NaN,NaN,NaN,NaN,NaN,NaN
0.16815,0.18536,0.17594,0.15154,0.086661,0.050293,0.036891,-0.007146,-0.069314,-0.085926,-0.13162,-0.19805,-0.19301,-0.18023,-0.23438,-0.27914,-0.25408,-0.015801,0.11555,0.068696,-0.057629,-0.039416,NaN,NaN,NaN,NaN,NaN,NaN,NaN,NaN,NaN,NaN
0.2088,0.20114,0.19791,0.17226,0.092013,0.047696,0.040045,-0.017958,-0.081278,-0.12829,-0.16482,-0.23957,-0.21005,-0.17804,-0.21687,-0.26447,-0.24705,NaN,NaN,0.11624,-0.057069,-0.083803,0.026956,0.16007,NaN,NaN,NaN,NaN,NaN,NaN,NaN,NaN
0.205,0.1925,0.19888,0.20088,0.12657,0.069513,0.057796,0.0021708,-0.065822,-0.13082,-0.1833,-0.22974,-0.17096,-0.11695,-0.16314,-0.24622,-0.26263,NaN,NaN,NaN,-0.073758,-0.12941,-0.096926,0.0018011,0.20485,NaN,NaN,NaN,NaN,NaN,NaN,NaN
0.11388,0.13685,0.15834,0.18184,0.15084,0.088568,0.065459,0.023569,-0.041977,-0.13758,-0.17396,-0.17533,-0.11899,-0.066969,-0.10368,-0.17534,-0.23026,NaN,NaN,NaN,-0.047177,-0.11766,-0.17316,-0.09696,0.12118,NaN,NaN,NaN,NaN,NaN,NaN,NaN
0.060696,0.04834,0.076738,0.10995,0.10851,0.084705,0.081844,0.069661,0.030126,-0.07975,-0.12112,-0.11946,-0.073728,-0.032645,-0.032608,-0.10269,-0.18667,-0.21012,NaN,NaN,NaN,-0.15808,NaN,NaN,NaN,NaN,NaN,NaN,NaN,NaN,NaN,NaN
-0.017461,0.0079562,0.019667,0.029816,0.03689,0.050049,0.065567,0.070951,0.051584,-0.0055014,-0.043465,-0.042328,-0.0068371,0.0087321,0.015696,-0.01159,-0.10391,-0.16354,NaN,NaN,0.045541,-0.18724,-0.25887,-0.37023,NaN,NaN,NaN,NaN,NaN,NaN,NaN,NaN
-0.056571,-0.042144,-0.023197,-0.023074,0.019943,0.046115,0.048702,0.065057,0.050719,0.029473,0.016354,0.042758,0.07459,0.06521,0.039341,0.028231,-0.071409,-0.14706,-0.1944,NaN,0.044852,-0.14771,-0.18898,-0.32425,-0.37128,-0.36366,NaN,NaN,NaN,NaN,NaN,NaN
-0.081765,-0.064514,-0.033037,-0.027669,0.020908,0.08039,0.070039,0.047187,0.034978,0.029886,0.052041,0.11085,0.14235,0.12856,0.085604,0.065426,-0.024386,-0.11256,-0.18074,-0.19866,NaN,-0.14146,-0.18479,-0.26953,-0.32235,-0.33946,NaN,NaN,NaN,NaN,NaN,NaN
-0.060713,-0.061293,-0.038841,-0.025052,0.029388,0.070977,0.046582,0.015868,0.0072608,0.00454,0.043249,0.1289,0.19072,0.1899,0.13666,0.13574,0.074768,-0.018389,-0.10854,-0.14537,-0.035587,-0.11576,-0.17261,-0.2321,-0.28367,-0.28394,-0.3012,-0.24114,NaN,NaN,NaN,NaN
-0.03561,-0.060941,-0.079396,-0.059412,0.01182,0.041083,-0.0021861,-0.036376,-0.014314,0.0043109,0.034961,0.11089,0.18603,0.20804,0.19102,0.19381,0.18107,0.11182,0.026264,-0.037366,0.0017364,-0.070426,-0.12586,-0.18351,-0.24968,-0.25715,-0.26076,-0.2733,-0.28326,NaN,NaN,NaN
-0.0033031,-0.049098,-0.11453,-0.078251,-0.0082334,-0.011829,-0.062201,-0.067056,-0.044542,-0.010029,0.0075534,0.077624,0.17011,0.20455,0.22283,0.23463,0.22447,0.1911,0.13304,0.096701,0.055094,-0.018154,-0.099635,-0.15004,-0.21931,-0.27603,-0.29382,-0.28048,-0.2409,-0.22118,-0.22609,-0.2498
0.030917,-0.038509,-0.098206,-0.04736,-0.0083798,-0.056268,-0.095513,-0.098817,-0.062781,-0.020504,0.026954,0.081927,0.16795,0.19697,0.21577,0.217,0.20391,0.17884,0.14283,0.10012,0.072436,-0.015612,-0.079168,-0.15613,-0.20488,-0.26577,-0.31161,-0.31828,-0.29004,-0.24234,-0.21909,-0.22934
0.099296,-0.011902,-0.083272,-0.035685,-0.0070181,-0.055779,-0.099902,-0.10148,-0.069697,-0.050727,0.014562,0.091823,0.17549,0.20583,0.21395,0.20075,0.15715,0.11831,0.086326,0.035486,0.040775,-0.01098,-0.12548,-0.17809,-0.21843,-0.25275,-0.31547,-0.33973,-0.3216,-0.25503,-0.17708,-0.15837
0.11385,-0.0057682,-0.064201,-0.044196,-0.025456,-0.072071,-0.11069,-0.099696,-0.084163,-0.054771,0.0057041,0.098084,0.17727,0.21396,0.23142,0.20859,0.19468,0.16711,0.1256,0.065498,0.01281,-0.056475,-0.14131,-0.18126,-0.21734,-0.27138,-0.36469,-0.39881,-0.32706,-0.26062,-0.18852,-0.17159
0.12249,0.0001996,-0.078022,-0.065315,-0.049117,-0.075185,-0.10655,-0.085989,-0.10459,-0.075028,0.015511,0.085638,0.144,0.17618,0.20313,0.19703,0.20599,0.20185,0.15919,0.11477,0.06675,-0.020555,-0.093476,-0.14462,-0.18429,-0.24928,-0.34291,-0.37543,-0.33699,-0.30007,-0.24889,-0.26151
0.081409,-0.028568,-0.072694,-0.067454,-0.04788,-0.084289,-0.097667,-0.094576,-0.1219,-0.095157,0.0030334,0.1017,0.14037,0.16195,0.2237,0.22864,0.21696,0.18327,0.12556,0.071957,0.053204,-0.010693,-0.074498,-0.12184,-0.14954,-0.19663,-0.29762,-0.35299,-0.37196,-0.35964,-0.31309,-0.30623
0.066201,0.0048104,-0.029145,-0.042959,-0.030387,-0.071252,-0.11778,-0.14505,-0.18463,-0.15625,-0.054714,0.087342,0.13697,0.16333,0.22476,0.24442,0.22826,0.15695,0.059481,0.0098332,0.0065354,-0.018075,-0.030603,-0.047799,-0.088563,-0.13496,-0.26396,-0.38307,-0.45028,-0.46981,-0.38353,-0.29794
0.071566,0.044377,0.027345,0.0073646,0.011696,-0.041296,-0.097828,-0.15585,-0.20497,-0.18391,-0.10855,0.014573,0.10244,0.14667,0.19261,0.20233,0.18696,0.12076,0.0074563,-0.018971,0.034671,0.0072418,0.014592,-0.010227,-0.0843,-0.17517,-0.28982,-0.37023,-0.46785,-0.50425,-0.42468,-0.32218
0.071787,0.039826,0.015381,0.0015016,0.012524,-0.043994,-0.10256,-0.16661,-0.20367,-0.16679,-0.12297,-0.035134,0.048561,0.094767,0.13789,0.14834,0.13621,0.080432,0.0068593,0.0076886,0.056353,0.068699,0.062353,0.010967,-0.07095,-0.18918,-0.28389,-0.32083,-0.41776,-0.45893,-0.4069,-0.32661
0.099305,0.037309,0.019109,0.0046421,0.0029583,-0.048085,-0.092408,-0.14017,-0.14433,-0.11985,-0.12373,-0.087868,-0.0128,0.02813,0.064809,0.093753,0.082538,0.055861,-0.0027975,0.0065877,0.037187,0.058554,0.071231,0.022681,-0.085002,-0.19454,-0.26672,-0.30029,-0.38433,-0.44503,-0.38446,-0.34881
0.048771,0.013447,0.019339,0.021378,0.0073622,-0.032556,-0.05917,-0.083599,-0.057978,-0.07529,-0.1062,-0.12877,-0.077111,-0.0236,0.01347,0.048205,0.044051,0.048618,0.010287,0.015334,0.011928,0.00063447,0.036443,0.009251,-0.10113,-0.20743,-0.2484,-0.25486,-0.32232,-0.33291,-0.31219,-0.30485
-0.0087285,-0.013925,0.021843,0.0232,0.0043079,-0.040381,-0.044732,-0.035686,-0.017445,-0.056997,-0.069324,-0.083892,-0.033868,-0.020522,-0.013321,0.012362,0.0079107,0.01093,-0.0036015,0.0089552,0.011144,-0.016829,0.0012561,0.027232,-0.056224,-0.17221,-0.23518,-0.27795,-0.32852,-0.33258,-0.34256,-0.33191
-0.058849,-0.025223,0.036749,0.029413,-0.024736,-0.051956,-0.030323,-0.011803,-0.00066818,-0.018286,-0.047354,-0.061786,-0.004916,-0.0075374,-0.0051823,0.0049391,-0.031634,-0.043668,-0.066628,-0.037717,-0.042078,-0.038262,-0.021666,0.047573,0.024658,-0.087831,-0.19342,-0.27223,-0.32832,-0.32642,-0.3642,-0.40634
-0.096212,-0.042303,0.023544,0.011249,-0.03292,-0.04979,-0.044214,-0.01372,0.0058098,-0.0051555,-0.020378,-0.048315,7.8799e-05,-0.010517,-0.008289,0.0024694,-0.044876,-0.10842,-0.15247,-0.12087,-0.12279,-0.093539,-0.020257,0.097658,0.089941,-0.039798,-0.15813,-0.26191,-0.31593,-0.32628,-0.36417,-0.40694
-0.10413,-0.05741,0.011416,0.012369,-0.010503,-0.027099,-0.012626,0.00051881,0.0062859,0.01242,0.011806,-0.020006,0.00089372,-0.0099948,0.016645,0.014873,-0.066284,-0.15922,-0.21887,-0.20203,-0.173,-0.10295,0.014553,0.14111,0.11353,-0.0085302,-0.13949,-0.25755,-0.32179,-0.32607,-0.35739,-0.39879
-0.10907,-0.075991,-0.027902,0.0085526,0.022313,0.024502,0.039661,0.035558,0.016894,0.027504,0.016957,0.017084,0.034647,0.016282,0.033429,-0.0057382,-0.11918,-0.21834,-0.26731,-0.24745,-0.17241,-0.044605,0.083162,0.14767,0.10674,0.01277,-0.12684,-0.22993,-0.28653,-0.31325,-0.33334,-0.39687
-0.14448,-0.11145,-0.059577,0.012655,0.055032,0.064449,0.07505,0.043566,0.030066,0.050358,0.053516,0.052112,0.041945,0.027843,0.017747,-0.059198,-0.18606,-0.26327,-0.29826,-0.24944,-0.11412,0.0081401,0.10833,0.13817,0.094687,0.014882,-0.081499,-0.19123,-0.25345,-0.29637,-0.32834,-0.37187
-0.20233,-0.16956,-0.074592,0.017602,0.074206,0.081738,0.070271,0.042832,0.045587,0.046625,0.042056,0.045353,0.024976,0.0021636,-0.024833,-0.10289,-0.23961,-0.31162,-0.33791,-0.25691,-0.11048,-0.024111,0.058399,0.096629,0.07413,0.028574,-0.038468,-0.13329,-0.22719,-0.28968,-0.33341,-0.34412
-0.23104,-0.17872,-0.09728,0.0088961,0.08772,0.083712,0.054069,0.049166,0.049369,0.038805,0.006342,-0.0037065,-0.011807,-0.045355,-0.064146,-0.12858,-0.24167,-0.30981,-0.3301,-0.25706,-0.12465,-0.045637,0.012682,0.062947,0.089892,0.072363,0.010409,-0.077185,-0.1935,-0.26999,-0.32586,-0.28143
-0.2672,-0.21565,-0.11163,-0.0012402,0.064412,0.071911,0.071923,0.073145,0.079563,0.05495,-0.01463,-0.022129,-0.029578,-0.10231,-0.10122,-0.13506,-0.24636,-0.31503,-0.34416,-0.25462,-0.16394,-0.10347,-0.038389,0.040999,0.10372,0.097057,0.011729,-0.083589,-0.17469,-0.24441,-0.27717,-0.27157
-0.24134,-0.16624,-0.063613,0.032079,0.082715,0.097606,0.10327,0.10499,0.11716,0.10851,0.035192,0.01818,-0.0076639,-0.07688,-0.11445,-0.18951,-0.28411,-0.35643,-0.36342,-0.28024,-0.18384,-0.11392,-0.038668,0.045471,0.10638,0.1098,0.02417,-0.075845,-0.14147,-0.21268,-0.24279,-0.2651
-0.21444,-0.14267,-0.024078,0.057962,0.09054,0.1202,0.11969,0.1167,0.1553,0.16395,0.077454,0.041017,0.0096495,-0.083828,-0.16177,-0.26741,-0.36057,-0.38696,-0.33659,-0.2398,-0.1532,-0.091771,-0.0149,0.079368,0.1094,0.096334,0.048693,-0.046091,-0.11611,-0.17182,-0.20615,-0.21911
-0.18947,-0.11457,0.0033921,0.080264,0.11974,0.13165,0.12803,0.12849,0.1637,0.15526,0.076801,0.020987,-0.024251,-0.13543,-0.21646,-0.30219,-0.36828,-0.38791,-0.33413,-0.24867,-0.16426,-0.10832,-0.025427,0.084345,0.13331,0.11712,0.091204,0.021513,-0.060525,-0.14182,-0.19153,-0.20021
-0.23658,-0.14608,0.026588,0.089275,0.11619,0.1248,0.12724,0.1343,0.14251,0.11853,0.0064179,-0.045432,-0.076506,-0.15153,-0.21167,-0.25026,-0.29508,-0.36062,-0.34282,-0.28086,-0.19809,-0.15672,-0.068232,0.070409,0.14133,0.1253,0.11096,0.075906,0.0020382,-0.10976,-0.16047,-0.19919
-0.24929,-0.12494,0.052099,0.1062,0.13232,0.16178,0.15256,0.15143,0.1375,0.086703,-0.035525,-0.088805,-0.10844,-0.15262,-0.17776,-0.17612,-0.22941,-0.29779,-0.31392,-0.28805,-0.23136,-0.20369,-0.082936,0.084382,0.14537,0.13163,0.11965,0.10536,0.01677,-0.078712,-0.12423,-0.1462
-0.21995,-0.11194,0.064899,0.13879,0.17444,0.2208,0.21421,0.17837,0.12836,0.060654,-0.01815,-0.042135,-0.066465,-0.12653,-0.13826,-0.11697,-0.21468,-0.29009,-0.32704,-0.32596,-0.28011,-0.19891,-0.043042,0.10477,0.15768,0.15648,0.12998,0.10145,0.034174,-0.047021,-0.084099,-0.11451
-0.19744,-0.10785,0.04577,0.12198,0.18307,0.23533,0.24857,0.19697,0.11783,0.059144,0.013758,0.030066,-0.010881,-0.079492,-0.092818,-0.080057,-0.17179,-0.26429,-0.31648,-0.34942,-0.30715,-0.17902,-0.0065332,0.11452,0.14953,0.14678,0.13075,0.090218,0.031077,-0.0106,-0.025012,-0.043265
-0.15067,-0.085891,0.038064,0.12087,0.18707,0.2472,0.25438,0.20313,0.12929,0.043687,-0.00084326,0.023995,-0.0081966,-0.12044,-0.12577,-0.064937,-0.13054,-0.23183,-0.2947,-0.31409,-0.28583,-0.16913,0.0088212,0.10242,0.1232,0.14464,0.10925,0.04854,0.0020934,0.019603,0.052745,0.029657
-0.13411,-0.062719,0.042048,0.13221,0.20345,0.25036,0.25159,0.20702,0.14267,0.064204,-0.013307,-0.0038437,-0.046221,-0.15697,-0.15634,-0.060251,-0.093958,-0.20433,-0.27288,-0.27604,-0.25595,-0.15749,0.0034127,0.070239,0.09997,0.12165,0.081919,0.020881,0.014111,0.02395,0.067587,0.057145
-0.10427,-0.033653,0.065759,0.15349,0.22423,0.26014,0.26273,0.2268,0.16642,0.077162,-0.023389,-0.035654,-0.078312,-0.17985,-0.17022,-0.080187,-0.094504,-0.19935,-0.24656,-0.22629,-0.19406,-0.10061,0.0054673,0.045196,0.076391,0.1085,0.074821,0.037811,0.050312,0.028855,0.048817,0.0048943
-0.10235,-0.020755,0.072845,0.17444,0.24549,0.2901,0.285,0.26486,0.20054,0.085652,-0.024701,-0.066474,-0.10302,-0.19369,-0.19902,-0.094586,-0.087763,-0.18747,-0.21785,-0.16789,-0.11692,-0.03357,0.010792,0.014446,0.02334,0.090874,0.075516,0.057137,0.094549,0.046087,0.015596,-0.036093
-0.072976,-0.015653,0.076997,0.16024,0.22456,0.28425,0.31372,0.30868,0.22641,0.067195,-0.064151,-0.11048,-0.12953,-0.22326,-0.21939,-0.088971,-0.060661,-0.15345,-0.17887,-0.12029,-0.075226,-0.0089222,0.031183,0.010601,-0.0037914,0.086901,0.082277,0.085826,0.12928,0.045606,-0.011266,-0.060124
-0.04821,-0.0072906,0.064044,0.13453,0.20152,0.28286,0.34146,0.32892,0.22973,0.034978,-0.092596,-0.12232,-0.12321,-0.20387,-0.21311,-0.061702,-0.024167,-0.11121,-0.13126,-0.083023,-0.039387,0.0058548,0.044122,0.023876,-0.00060916,0.063239,0.088128,0.11212,0.14389,0.058103,-0.010338,-0.062722
-0.055387,-0.014269,0.055033,0.12161,0.18722,0.27727,0.31155,0.27132,0.18245,0.035815,-0.049177,-0.057583,-0.10452,-0.18207,-0.18346,-0.016934,0.033357,-0.054553,-0.080906,-0.040368,-0.013716,0.012622,0.029245,0.0083694,-0.027015,0.011876,0.067127,0.12606,0.16027,0.054465,-0.021087,-0.074447
-0.057306,-0.007919,0.048864,0.11388,0.18448,0.26881,0.28559,0.22295,0.13954,0.03049,-0.0037566,-0.0015897,-0.066399,-0.16445,-0.15696,-0.013797,0.031543,-0.029762,-0.07142,-0.028442,0.011089,-0.0072345,0.0014578,-0.017397,-0.047868,-0.023739,0.021392,0.12317,0.14802,0.022222,-0.074785,-0.15423
-0.078152,-0.015158,0.048717,0.11962,0.18935,0.26434,0.27876,0.21432,0.15007,0.090096,0.055259,0.023585,-0.034832,-0.15317,-0.12664,-0.010997,0.0093668,-0.075256,-0.11081,-0.046645,0.0078409,0.0075892,-0.017175,-0.027129,-0.042195,0.00010152,0.029762,0.079706,0.087647,-0.0066114,-0.1076,-0.15924
-0.052596,0.027551,0.091386,0.15734,0.21499,0.26169,0.27499,0.22441,0.15093,0.098966,0.072847,0.038614,-0.046045,-0.15906,-0.092204,0.030696,-0.0011368,-0.12471,-0.14754,-0.062641,-0.0057644,0.0040419,-0.015,-0.042597,-0.022613,0.017883,0.016977,0.014883,0.028493,-0.02859,-0.094295,-0.14624
-0.056121,0.043392,0.1465,0.20818,0.23591,0.26845,0.28745,0.23161,0.11986,0.066913,0.071396,0.067547,-0.04264,-0.19627,-0.12648,-0.0097749,-0.058915,-0.15249,-0.15267,-0.055021,0.021869,0.039851,-0.0014021,-0.022275,-0.0033574,0.022991,-0.016087,-0.039856,-0.0075854,-0.062632,-0.12103,-0.15775
-0.026675,0.069348,0.18542,0.26206,0.25681,0.26356,0.27171,0.19667,0.062903,0.024483,0.05679,0.062185,-0.065371,-0.22454,-0.17895,-0.073804,-0.10093,-0.17783,-0.15562,-0.044863,0.040175,0.052543,0.020997,0.016078,0.029538,0.043095,-0.010565,-0.030581,0.0015742,-0.045431,-0.10314,-0.15133
-0.044677,0.02737,0.14739,0.24842,0.25455,0.23541,0.22962,0.16593,0.041192,-0.011969,0.022899,0.036855,-0.10425,-0.23557,-0.18917,-0.082023,-0.10402,-0.17412,-0.15653,-0.041013,0.026524,0.0069073,-0.0013773,0.017658,0.043202,0.062949,0.028337,0.00049566,0.0082724,-0.053103,-0.1191,-0.19166
-0.040499,0.016039,0.11243,0.22183,0.25863,0.24423,0.23656,0.15785,0.03761,-0.023644,0.008197,0.012166,-0.12519,-0.25659,-0.23938,-0.11286,-0.10162,-0.17907,-0.18833,-0.057028,0.01281,-0.0014215,-0.023748,0.012163,0.033411,0.063328,0.047886,0.027336,0.027766,-0.028394,-0.12049,-0.22516
-0.039149,0.020362,0.093872,0.19514,0.25225,0.26013,0.25246,0.17614,0.045752,-0.037845,0.0089248,0.020993,-0.12438,-0.30357,-0.31049,-0.17148,-0.11473,-0.18419,-0.1953,-0.070674,0.015714,0.003386,-0.0016535,0.026383,0.040205,0.058475,0.0014913,-0.019436,-0.014009,-0.060177,-0.11907,-0.20441
-0.028661,0.007469,0.089686,0.19072,0.26631,0.28611,0.27164,0.18942,0.050145,-0.050698,-0.051254,-0.033614,-0.15072,-0.35989,-0.38312,-0.23599,-0.14494,-0.17831,-0.18589,-0.091458,-0.037871,-0.041854,-0.011088,0.050037,0.067627,0.022874,-0.043807,-0.039541,-0.030891,-0.089646,-0.12573,-0.16123
-0.044336,0.0044149,0.094566,0.20885,0.28334,0.28786,0.25001,0.17901,0.046637,-0.074053,-0.12252,-0.098132,-0.19175,-0.38863,-0.41148,-0.23493,-0.15886,-0.19833,-0.199,-0.1228,-0.10097,-0.091336,-0.011488,0.063188,0.070382,0.018851,-0.052124,-0.038958,-0.024442,-0.073287,-0.13353,-0.17932
-0.040181,-0.00085432,0.073599,0.19702,0.23787,0.22469,0.21022,0.19348,0.068085,-0.10742,-0.1714,-0.15762,-0.22399,-0.39577,-0.38398,-0.209,-0.17919,-0.24115,-0.23343,-0.14913,-0.13247,-0.11263,-0.021181,0.077024,0.060052,0.010728,-0.040183,-0.035139,-0.025456,-0.084547,-0.14706,-0.20097
-0.032137,-0.0015067,0.038832,0.13743,0.16677,0.1497,0.16715,0.18054,0.066943,-0.12212,-0.18867,-0.1661,-0.23874,-0.41105,-0.39916,-0.20003,-0.16123,-0.22201,-0.24202,-0.17885,-0.1521,-0.10433,0.011761,0.07471,0.039011,0.016526,-0.016506,-0.022518,-0.049112,-0.12433,-0.16298,-0.19834
-0.073308,-0.035895,-0.032293,0.062142,0.12751,0.12193,0.12884,0.13562,0.03477,-0.12745,-0.17623,-0.1717,-0.23907,-0.41781,-0.45635,-0.26008,-0.16308,-0.203,-0.24575,-0.18414,-0.14652,-0.0793,0.018047,0.05268,0.032216,0.015309,-0.0064092,-0.027571,-0.081161,-0.1698,-0.19374,-0.20382
-0.13311,-0.072005,-0.11664,-0.015679,0.079021,0.09963,0.076997,0.06341,-0.012045,-0.12013,-0.16204,-0.19847,-0.27535,-0.44277,-0.51162,-0.32277,-0.18493,-0.18926,-0.2305,-0.18391,-0.14424,-0.072339,-0.0025626,0.034103,0.012111,0.013069,-0.0091507,-0.05007,-0.119,-0.19786,-0.21914,-0.20868
-0.22302,-0.15616,-0.14272,-0.054563,-0.00038001,0.017005,-0.0010118,0.0024952,-0.028474,-0.093841,-0.14823,-0.19858,-0.25963,-0.42413,-0.50076,-0.33126,-0.20636,-0.20656,-0.23709,-0.19056,-0.1455,-0.082214,-0.026506,0.0059089,0.0048842,0.0024988,-0.013085,-0.067542,-0.11956,-0.19187,-0.21362,-0.19682
NaN,-0.33397,-0.28476,-0.12991,-0.077897,-0.072012,-0.046687,-0.015614,-0.01645,-0.060352,-0.11441,-0.17926,-0.22003,-0.41982,-0.52553,-0.34136,-0.22704,-0.26483,-0.29048,-0.22061,-0.1624,-0.084803,-0.048476,-0.0030655,0.026049,0.041617,-0.00014559,-0.049143,-0.11393,-0.19032,-0.22814,-0.23574
NaN,NaN,-0.69864,-0.39118,-0.18831,-0.093808,-0.034622,0.0039309,0.0035345,-0.010734,-0.065467,-0.15166,-0.20408,-0.41525,-0.48983,-0.31356,-0.22166,-0.28678,-0.31247,-0.24841,-0.17301,-0.12119,-0.073622,0.0089075,0.049754,0.052944,0.019337,-0.045544,-0.11563,-0.20255,-0.24675,-0.21048
NaN,NaN,-0.3861,-0.42158,-0.33015,-0.15386,-0.0099897,0.043933,0.023746,0.0061433,-0.049801,-0.12097,-0.18067,-0.38237,-0.45147,-0.26328,-0.20228,-0.29384,-0.33429,-0.24467,-0.17916,-0.14982,-0.081581,0.0087894,0.07472,0.072357,0.018054,-0.051938,-0.10584,-0.2143,-0.24056,-0.18283
NaN,NaN,NaN,-0.43335,-0.37983,-0.22626,-0.10391,-0.043052,-0.029592,-0.0093685,-0.033948,-0.087917,-0.15623,-0.35551,-0.43677,-0.28466,-0.23106,-0.30218,-0.34304,-0.24497,-0.17049,-0.13001,-0.072415,0.020934,0.08233,0.088083,0.026671,-0.038154,-0.085539,-0.17709,-0.22531,-0.16989
NaN,NaN,NaN,NaN,-0.25242,-0.20226,-0.12614,-0.078183,-0.0495,-0.028225,-0.032288,-0.091187,-0.15876,-0.33259,-0.40973,-0.31688,-0.27589,-0.31051,-0.31855,-0.22998,-0.18164,-0.12666,-0.046015,0.034382,0.10232,0.095688,0.024338,-0.050384,-0.07972,-0.15896,-0.20151,-0.18081
NaN,NaN,NaN,NaN,NaN,NaN,-0.12246,-0.069101,-0.061168,-0.048229,-0.098628,-0.1393,-0.16182,-0.28248,-0.3419,-0.28807,-0.28599,-0.31511,-0.30869,-0.24443,-0.2183,-0.14243,-0.040969,0.04511,0.10386,0.10546,0.016041,-0.074615,-0.10982,-0.15664,-0.19824,-0.19553
NaN,NaN,NaN,NaN,NaN,NaN,-0.091562,-0.071873,-0.08294,-0.11048,-0.15925,-0.18487,-0.17202,-0.26312,-0.29545,-0.24621,-0.25338,-0.29428,-0.29341,-0.26019,-0.23662,-0.15377,-0.053548,0.024445,0.085373,0.095609,-0.00026146,-0.09323,-0.12032,-0.13187,-0.16512,-0.19742
NaN,NaN,NaN,NaN,NaN,NaN,NaN,-0.085644,-0.11068,-0.14792,-0.20299,-0.20214,-0.18658,-0.24741,-0.23146,-0.19058,-0.23054,-0.28566,-0.28864,-0.2438,-0.25099,-0.17123,-0.081484,-0.010401,0.030517,0.06087,-0.028318,-0.091631,-0.10459,-0.10203,-0.12973,-0.17728
NaN,NaN,NaN,NaN,NaN,NaN,NaN,-0.08697,-0.084508,-0.12114,-0.18753,-0.21892,-0.17807,-0.18343,-0.14511,-0.11526,-0.22083,-0.28571,-0.30362,-0.26974,-0.26739,-0.20254,-0.1313,-0.073656,-0.045571,-0.021978,-0.033716,-0.06695,-0.066276,-0.064399,-0.062572,-0.10468
NaN,NaN,NaN,0.12082,0.12686,NaN,NaN,NaN,-0.11879,-0.1428,-0.15614,-0.18616,-0.15796,-0.1314,-0.085939,-0.091674,-0.23882,-0.29758,-0.31703,-0.28249,-0.27279,-0.23252,-0.1824,-0.15459,-0.11296,-0.033881,-0.02191,-0.030533,-0.046622,-0.039552,-0.021916,-0.074677
NaN,0.084157,0.139,0.12327,0.10911,0.048749,NaN,NaN,-0.12658,-0.14803,-0.12567,-0.13024,-0.095834,-0.11952,-0.052994,-0.036392,-0.18749,-0.27948,-0.31947,-0.30613,-0.29489,-0.26287,-0.26434,-0.22862,-0.14046,-0.039811,-0.017874,-0.029618,-0.024589,-0.029829,-0.030707,-0.060915
-0.032276,0.094755,0.1079,0.067641,0.048792,0.021939,NaN,NaN,-0.13337,-0.095314,-0.062381,-0.098133,-0.079772,-0.093061,-0.019222,0.037955,-0.12787,-0.25857,-0.30716,-0.28199,-0.28086,-0.28491,-0.29517,-0.24942,-0.14556,-0.054059,-0.0301,-0.046098,-0.042251,-0.057428,-0.049466,-0.06065
-0.12501,0.059805,0.068131,0.019937,0.018981,0.047924,NaN,NaN,-0.07849,-0.032989,-0.087539,-0.13804,-0.072682,-0.063688,0.027507,0.11382,-0.027489,-0.2047,-0.29165,-0.26394,-0.25832,-0.28045,-0.28624,-0.22674,-0.15761,-0.094559,-0.068314,-0.058137,-0.045684,-0.053134,-0.046161,-0.061882
-0.11161,0.05995,0.053666,0.034564,0.0040936,NaN,NaN,NaN,NaN,-0.094032,-0.1611,-0.18946,-0.093815,-0.068133,0.033849,0.15886,0.047414,-0.17666,-0.30796,-0.29312,-0.2925,-0.32488,-0.35387,-0.3041,-0.21213,-0.15821,-0.13237,-0.098262,-0.052395,-0.038929,-0.046308,-0.062812
0.10684,0.12507,0.070306,0.068082,0.027065,NaN,0.10024,0.027497,NaN,-0.13118,-0.18062,-0.18885,-0.11372,-0.10746,-0.017387,0.15288,0.10817,-0.10764,-0.29805,-0.37274,-0.37075,-0.36066,-0.39505,-0.36612,-0.28756,-0.23941,-0.20657,-0.14906,-0.068647,-0.054331,-0.064763,-0.074106
0.10202,0.097505,0.038294,0.027757,0.022122,0.063882,0.057765,-0.024177,NaN,NaN,-0.16628,-0.1489,-0.10801,-0.13151,-0.061791,0.14597,0.24579,0.071399,-0.22764,-0.42482,-0.46723,-0.39911,-0.37858,-0.34132,-0.32715,-0.31865,-0.27835,-0.19115,-0.11654,-0.095974,-0.10794,-0.11265
-0.036141,0.066557,0.02282,-0.049407,-0.072562,-0.06017,-0.028551,-0.027041,NaN,NaN,NaN,-0.11404,-0.096422,-0.1213,-0.098128,0.11185,0.31244,0.23122,-0.11879,-0.36876,-0.47955,-0.50002,-0.44822,-0.37795,-0.32771,-0.32302,-0.29517,-0.22198,-0.16808,-0.14933,-0.16106,-0.1387
NaN,NaN,0.082711,-0.031537,-0.092116,-0.11569,-0.056961,0.00046444,-0.018196,-0.081629,-0.080139,NaN,-0.14294,-0.14624,-0.1546,-0.018845,0.18394,0.19948,-0.0169,-0.16912,-0.31092,-0.46582,-0.49697,-0.41629,-0.31073,-0.28528,-0.26948,-0.24549,-0.22503,-0.2187,-0.20472,-0.15793
0.34807,NaN,NaN,-0.095173,-0.19375,-0.13792,-0.065635,-0.024024,-0.028328,-0.045863,-0.064078,NaN,-0.12915,-0.12912,-0.1551,-0.086058,0.024326,0.142,NaN,-0.084165,-0.087423,-0.25644,-0.36304,-0.34902,-0.28553,-0.30737,-0.30847,-0.28824,-0.28499,-0.24205,-0.22681,-0.18911
0.15762,0.10502,-0.017296,-0.20936,-0.27056,-0.17359,-0.087177,-0.064701,-0.033341,-0.04278,-0.10437,-0.1669,-0.17543,-0.16281,-0.13846,NaN,NaN,NaN,NaN,NaN,NaN,-0.035327,-0.082876,-0.17207,-0.23664,-0.33158,-0.37416,-0.36363,-0.32477,-0.22248,-0.19754,-0.20713
0.018869,0.053636,-0.057933,-0.23174,-0.28331,-0.17746,-0.10966,-0.098571,-0.049684,-0.051484,-0.11357,NaN,NaN,NaN,NaN,NaN,NaN,NaN,NaN,NaN,NaN,NaN,0.092397,-0.035742,-0.13916,-0.23944,-0.27526,-0.27214,-0.26999,-0.20516,-0.18878,-0.24306
-0.073238,0.013198,-0.068525,-0.20523,-0.25347,-0.1402,-0.10194,-0.094198,-0.033596,-0.0084214,NaN,NaN,NaN,NaN,NaN,NaN,NaN,NaN,NaN,NaN,NaN,NaN,NaN,NaN,-0.041668,-0.10685,-0.16173,-0.18085,-0.20329,-0.16884,-0.16325,-0.21217
-0.079217,-0.02179,-0.057336,-0.12407,-0.1468,-0.10111,-0.104,-0.089681,-0.025289,0.0068814,NaN,NaN,NaN,NaN,NaN,NaN,NaN,NaN,NaN,NaN,NaN,NaN,NaN,NaN,NaN,0.0091093,-0.084106,-0.1388,-0.15869,-0.16047,-0.13785,-0.1435
-0.049172,-0.072387,-0.13814,-0.14215,-0.13395,-0.11081,-0.13504,-0.10042,-0.057866,-0.02877,NaN,NaN,NaN,NaN,NaN,NaN,NaN,NaN,NaN,NaN,NaN,NaN,NaN,NaN,NaN,0.05125,-0.0051504,-0.085774,-0.11456,-0.095201,-0.10347,NaN
-0.038907,-0.10115,-0.16561,-0.16522,-0.15107,-0.14629,-0.14706,-0.13123,-0.10564,-0.087399,NaN,NaN,NaN,NaN,NaN,NaN,NaN,NaN,NaN,NaN,NaN,NaN,NaN,NaN,NaN,NaN,NaN,NaN,NaN,NaN,NaN,NaN
-0.064095,-0.10487,-0.15416,-0.16641,-0.17862,-0.16579,-0.16301,-0.14383,-0.1441,-0.10798,NaN,NaN,NaN,NaN,NaN,NaN,NaN,NaN,NaN,NaN,NaN,NaN,NaN,NaN,NaN,NaN,NaN,NaN,NaN,NaN,NaN,NaN
-0.08685,-0.12779,-0.1816,-0.19217,-0.18575,-0.18899,-0.17047,-0.14702,-0.14255,-0.10821,-0.12682,NaN,NaN,NaN,NaN,NaN,NaN,NaN,NaN,NaN,NaN,NaN,NaN,NaN,NaN,NaN,NaN,NaN,NaN,NaN,NaN,NaN
-0.070946,-0.12303,-0.19538,-0.21307,-0.18679,-0.17644,-0.15529,-0.13151,-0.1067,-0.091203,NaN,NaN,NaN,NaN,NaN,NaN,NaN,NaN,NaN,NaN,NaN,NaN,NaN,NaN,NaN,NaN,NaN,NaN,NaN,NaN,NaN,NaN
-0.065619,-0.12255,-0.20236,-0.22278,-0.20587,-0.1812,-0.15374,-0.12946,-0.11404,-0.095706,-0.15855,NaN,NaN,NaN,NaN,NaN,NaN,NaN,NaN,NaN,NaN,NaN,NaN,NaN,NaN,NaN,NaN,NaN,NaN,NaN,NaN,NaN
-0.093411,-0.13637,-0.2081,-0.22823,-0.20423,-0.18778,-0.17986,-0.15606,-0.12491,-0.09424,-0.1274,-0.16733,NaN,NaN,NaN,NaN,NaN,NaN,NaN,NaN,NaN,NaN,NaN,NaN,NaN,NaN,NaN,NaN,NaN,NaN,NaN,NaN
-0.12351,-0.17033,-0.19949,-0.21725,-0.21742,-0.19539,-0.18592,-0.16227,-0.09661,-0.059162,-0.07032,-0.091682,NaN,NaN,NaN,NaN,NaN,NaN,NaN,NaN,NaN,NaN,NaN,NaN,NaN,NaN,NaN,NaN,NaN,NaN,NaN,NaN
-0.1701,-0.2095,-0.21374,-0.22141,-0.21591,-0.21046,-0.19971,-0.1605,-0.073374,-0.030019,-0.032717,-0.061796,-0.13364,NaN,NaN,NaN,NaN,NaN,NaN,NaN,NaN,NaN,NaN,NaN,NaN,NaN,NaN,NaN,NaN,NaN,NaN,NaN
-0.20214,-0.23867,-0.23185,-0.22733,-0.23121,-0.22426,-0.19682,-0.15538,-0.064504,-0.0084534,-0.026569,-0.064805,-0.12873,NaN,NaN,NaN,NaN,NaN,NaN,NaN,NaN,NaN,NaN,NaN,NaN,NaN,NaN,NaN,NaN,NaN,NaN,NaN
-0.22217,-0.2669,-0.25965,-0.26172,-0.25136,-0.23059,-0.18233,-0.13067,-0.045817,-0.011294,-0.045539,-0.068306,-0.079241,NaN,NaN,NaN,NaN,NaN,NaN,NaN,NaN,NaN,NaN,NaN,NaN,NaN,NaN,NaN,NaN,NaN,NaN,NaN
-0.20408,-0.25454,-0.27627,-0.29915,-0.27021,-0.2171,-0.16916,-0.12576,-0.077424,-0.03477,-0.035643,-0.089413,-0.088953,-0.098805,-0.12166,NaN,NaN,NaN,NaN,NaN,NaN,NaN,NaN,NaN,NaN,NaN,NaN,NaN,NaN,NaN,NaN,NaN
-0.20878,-0.28082,-0.31198,-0.30531,-0.27608,-0.23031,-0.17553,-0.14173,-0.10515,-0.030163,-0.037724,-0.099935,-0.11934,-0.13361,-0.15801,-0.16419,NaN,NaN,NaN,NaN,NaN,NaN,NaN,NaN,NaN,NaN,NaN,NaN,NaN,NaN,NaN,-0.42392
-0.22157,-0.29059,-0.31211,-0.30103,-0.26427,-0.21286,-0.16482,-0.13958,-0.087737,-0.025225,-0.032841,-0.1205,-0.13474,-0.1027,-0.10252,-0.086539,NaN,NaN,NaN,NaN,NaN,NaN,NaN,NaN,NaN,NaN,NaN,NaN,NaN,-0.30785,-0.28104,-0.22879
-0.23455,-0.31152,-0.32133,-0.29696,-0.26062,-0.2119,-0.15846,-0.13532,-0.11193,-0.052809,-0.078589,-0.12833,-0.1361,-0.090172,-0.074417,-0.086421,-0.10602,NaN,NaN,NaN,NaN,NaN,NaN,NaN,NaN,NaN,NaN,NaN,-0.34819,-0.2522,-0.12759,-0.077029
-0.24864,-0.29943,-0.30965,-0.28215,-0.24581,-0.18778,-0.13584,-0.10676,-0.092663,-0.10002,-0.12729,-0.14948,-0.14647,-0.09329,-0.061553,-0.086591,-0.13672,NaN,NaN,NaN,NaN,NaN,NaN,NaN,NaN,NaN,NaN,NaN,-0.36319,-0.23301,-0.057639,0.045683
-0.27618,-0.31126,-0.30806,-0.28612,-0.2459,-0.1783,-0.11469,-0.074213,-0.053797,-0.10865,-0.15687,-0.17847,-0.14309,-0.071056,-0.045576,-0.075089,-0.13427,-0.16819,NaN,NaN,NaN,NaN,NaN,NaN,NaN,NaN,NaN,-0.344,-0.31113,-0.21183,-0.042955,0.079527
-0.29558,-0.31143,-0.31,-0.28422,-0.24206,-0.19054,-0.11517,-0.065197,-0.051543,-0.12017,-0.15143,-0.15802,-0.12919,-0.070882,-0.030602,-0.05166,-0.094299,-0.12416,NaN,NaN,NaN,NaN,NaN,NaN,NaN,-0.3336,-0.3057,-0.25056,-0.22714,-0.17346,-0.035595,0.081305
-0.30292,-0.32284,-0.29421,-0.2701,-0.22138,-0.16412,-0.093665,-0.045543,-0.047346,-0.12787,-0.16216,-0.15932,-0.13696,-0.10107,-0.048303,-0.034537,-0.058662,-0.1071,NaN,NaN,NaN,NaN,-0.43813,-0.40405,-0.39639,-0.34538,-0.30233,-0.25532,-0.22673,-0.16643,-0.053478,0.082655
-0.30691,-0.32083,-0.28814,-0.27298,-0.22491,-0.14948,-0.082738,-0.059034,-0.076783,-0.14317,-0.18265,-0.17627,-0.13843,-0.094614,-0.039216,-0.027503,-0.04088,-0.10431,-0.17852,NaN,NaN,-0.3821,-0.37389,-0.36842,-0.3441,-0.30131,-0.2587,-0.23117,-0.21408,-0.163,-0.079084,0.048225
-0.31219,-0.32107,-0.3008,-0.28023,-0.22145,-0.13762,-0.069418,-0.053789,-0.073618,-0.13529,-0.19423,-0.17896,-0.15786,-0.10731,-0.027614,0.0019204,-0.023455,-0.092054,-0.173,-0.23522,-0.27256,-0.3177,-0.30059,-0.31024,-0.29555,-0.25206,-0.22262,-0.21818,-0.21844,-0.19053,-0.099781,0.021829
-0.32104,-0.33257,-0.32123,-0.27643,-0.2131,-0.14536,-0.087056,-0.060103,-0.065838,-0.12223,-0.17676,-0.16767,-0.16248,-0.11856,-0.040699,-0.0033995,-0.037018,-0.096457,-0.14102,-0.16229,-0.18546,-0.22994,-0.24858,-0.23065,-0.22577,-0.21777,-0.19365,-0.19447,-0.22044,-0.22071,-0.14965,-0.04322
-0.31242,-0.32654,-0.30346,-0.27302,-0.22563,-0.17266,-0.11263,-0.058754,-0.069385,-0.1044,-0.12614,-0.13935,-0.15767,-0.12257,-0.045154,0.010083,-0.0023734,-0.048238,-0.072099,-0.076592,-0.11748,-0.17124,-0.19367,-0.19305,-0.20149,-0.21626,-0.1983,-0.18441,-0.20682,-0.24273,-0.2088,-0.11948
-0.30678,-0.3155,-0.27444,-0.25794,-0.24106,-0.19348,-0.12391,-0.05756,-0.057817,-0.080405,-0.079357,-0.090374,-0.11929,-0.10701,-0.012953,0.048301,0.035624,0.021292,0.014237,0.0033233,-0.047099,-0.096185,-0.15301,-0.18049,-0.21032,-0.2339,-0.23423,-0.21902,-0.21235,-0.26687,-0.26852,-0.18634
-0.3079,-0.30285,-0.25991,-0.22996,-0.21157,-0.16917,-0.11034,-0.069584,-0.04322,-0.042878,-0.039146,-0.046363,-0.092504,-0.08735,0.0047944,0.060289,0.052494,0.045518,0.039177,0.052288,0.03927,-0.018429,-0.11783,-0.17458,-0.21157,-0.234,-0.25443,-0.23078,-0.20476,-0.27118,-0.30006,-0.24579
-0.28837,-0.2632,-0.19319,-0.16801,-0.14323,-0.094298,-0.040163,-0.017325,0.0079719,-0.014259,0.0017642,0.0080596,-0.030241,-0.06238,-0.0067019,0.047107,0.045085,0.049305,0.040667,0.047491,0.055016,0.014785,-0.083836,-0.17317,-0.20729,-0.21033,-0.2353,-0.20383,-0.15833,-0.2365,-0.2985,-0.26926
-0.26401,-0.21006,-0.16174,-0.12177,-0.050085,0.035926,0.096713,0.083791,0.039398,-0.0426,-0.043427,0.01808,-0.00038735,-0.056217,-0.010295,0.060347,0.056993,0.047954,0.034832,0.043081,0.067476,0.046698,-0.042199,-0.12162,-0.16079,-0.16304,-0.21131,-0.21161,-0.12615,-0.18334,-0.25796,-0.28979
-0.22764,-0.19903,-0.14364,-0.075486,0.02606,0.14143,0.1832,0.1325,0.02802,-0.086175,-0.087153,-0.040814,-0.011056,-0.024834,0.00086567,0.055974,0.058636,0.067497,0.062245,0.05359,0.071616,0.07423,0.011168,-0.058184,-0.11522,-0.14662,-0.22959,-0.24444,-0.15348,-0.17007,-0.23641,-0.28725
-0.20849,-0.19598,-0.089911,0.03396,0.094187,0.18151,0.1911,0.099111,0.0019288,-0.080392,-0.071544,-0.063723,-0.030347,-0.010985,0.0019886,0.050362,0.03491,0.059636,0.085759,0.059516,0.032272,0.070673,0.053677,-0.0027824,-0.092969,-0.15759,-0.23441,-0.25184,-0.19263,-0.22963,-0.27801,-0.30665
-0.20136,-0.1737,-0.10051,-0.04427,-0.031902,0.013478,0.10086,-0.018454,-0.051312,-0.062444,-0.052581,-0.02763,-0.0041613,0.0082709,0.026392,0.085208,0.085043,0.10348,0.1299,0.12455,0.083097,0.070264,0.049813,0.0052131,-0.086209,-0.14199,-0.20722,-0.2304,-0.19172,-0.24989,-0.2972,-0.28649
-0.18107,-0.17815,-0.12846,NaN,NaN,NaN,NaN,NaN,NaN,NaN,-0.073315,-0.038516,0.012559,0.0066747,-0.0064004,0.056793,0.1188,0.16637,0.15512,0.1568,0.1191,0.085281,0.064333,0.036125,-0.024882,-0.069988,-0.14131,-0.18535,-0.17752,-0.22602,-0.29371,-0.29943
-0.14219,-0.16421,NaN,NaN,NaN,NaN,NaN,NaN,NaN,NaN,NaN,NaN,-0.018075,-0.016295,-0.040297,0.020516,0.12262,0.22449,0.19305,0.14658,0.11484,0.095306,0.082247,0.077153,0.033776,3.6376e-05,-0.054599,-0.11182,-0.11301,-0.17897,-0.28687,-0.28428
-0.12625,NaN,NaN,NaN,NaN,NaN,NaN,NaN,NaN,NaN,NaN,NaN,-0.040342,-0.031334,-0.059689,-0.01202,0.10688,0.21996,0.19954,0.16861,0.13988,0.13003,0.11363,0.11386,0.075313,0.02946,0.0045018,-0.040231,-0.072039,-0.15038,-0.23977,-0.26265
NaN,NaN,NaN,NaN,NaN,NaN,NaN,NaN,NaN,NaN,NaN,NaN,NaN,-0.025186,-0.057252,-0.020485,0.098565,0.21084,0.18051,0.18403,0.19477,0.17064,0.1314,0.11884,0.088843,0.052765,0.025503,-0.0030409,-0.058351,-0.10919,-0.18021,-0.26216
NaN,NaN,NaN,NaN,NaN,NaN,NaN,NaN,NaN,NaN,NaN,NaN,NaN,NaN,-0.017916,-0.019007,0.074892,0.20878,0.19832,0.20151,0.18972,0.19747,0.16145,0.10925,0.087963,0.045514,-0.00069848,-0.010279,-0.014884,-0.072118,-0.15047,-0.24414
NaN,NaN,NaN,NaN,NaN,NaN,NaN,NaN,NaN,NaN,NaN,NaN,NaN,-0.042962,0.0040695,0.029783,0.10954,0.21346,0.238,0.23596,0.23864,0.26332,0.23359,0.1618,0.099726,0.057227,0.019449,0.01085,0.022674,-0.046999,-0.11246,-0.20383
NaN,NaN,NaN,NaN,NaN,NaN,NaN,NaN,NaN,NaN,NaN,NaN,NaN,-0.051558,0.022929,0.035968,0.10376,0.25351,0.29178,0.26359,0.23633,0.27851,0.29219,0.21886,0.12697,0.084048,0.040303,0.018598,0.028305,-0.031156,-0.10295,-0.19072
NaN,NaN,NaN,NaN,NaN,NaN,NaN,NaN,NaN,NaN,NaN,NaN,NaN,-0.049568,-0.018583,-0.022182,0.063215,0.25151,0.34257,0.29952,0.24343,0.27985,0.28388,0.25091,0.19074,0.12635,0.070861,0.042226,0.051323,-0.021957,-0.11451,-0.18366
