0,0,0,0,0,0,0,0,0,0,0,0,0,-0.32774,-0.36913,-0.44058,-0.50967,-0.50738,-0.4556,-0.38422,-0.32709,-0.2555,-0.17693,-0.1062,-0.069207,-0.041017,-0.043189,-0.080904,-0.12232,-0.1306,-0.093035,-0.081117
0,0,0,0,0,0,0,0,0,0,0,0,0,-0.33136,-0.36616,-0.43118,-0.48919,-0.4933,-0.46365,-0.40774,-0.33442,-0.26641,-0.20558,-0.13273,-0.096289,-0.063518,-0.059337,-0.083612,-0.12144,-0.14879,-0.13665,-0.096128
0,0,0,0,0,0,0,0,0,0,0,0,0,-0.31214,-0.33039,-0.40674,-0.47742,-0.50028,-0.49117,-0.44325,-0.35731,-0.26902,-0.21043,-0.16109,-0.11833,-0.081124,-0.067768,-0.081101,-0.10572,-0.12642,-0.11775,-0.092849
0,0,0,0,0,0,0,0,0,0,0,0,0,-0.2788,-0.3081,-0.39026,-0.44234,-0.47859,-0.48448,-0.44791,-0.3777,-0.30018,-0.2381,-0.17145,-0.12685,-0.087917,-0.06061,-0.060432,-0.076375,-0.084222,-0.091982,-0.070136
0,0,0,0,0,0,0,0,0,0,0,0,0,0,-0.28779,-0.3624,-0.40314,-0.41968,-0.4375,-0.4371,-0.4238,-0.38369,-0.3253,-0.24726,-0.17664,-0.099309,-0.048484,-0.038979,-0.048095,-0.066729,-0.064018,-0.051347
0,0,0,0,0,0,0,0,0,0,0,0,0,0,-0.25027,-0.3188,0,-0.3556,-0.38689,-0.43069,-0.45172,-0.46194,-0.43245,-0.34021,-0.23633,-0.1195,-0.026065,0.015396,0.021984,-0.015768,-0.030982,-0.039622
0,0,0,0,0,0,0,0,0,0,0,0,0,0,0,0,0,0,-0.31756,-0.36866,-0.40105,-0.42092,-0.39327,-0.301,-0.17835,-0.015837,-0.00052429,0.004523,0.015776,-0.010324,-0.022977,-0.018277
0,0,0,0,0,0,0,0,0,0,0,0,0,0,0,0,0,0,0,0,-0.23864,-0.29669,-0.27236,0,0,0,0,0.035303,0.032275,0.034088,-0.00054905,0.0079536
0,0,0,0,0,0,0,0,0,0,0,0,0,0,0,0,0,0,0,0,0,0,0,0,0,0,0,0,0,0,0.086957,0.0039955
0,0,0,0,0,0,0,0,0,0,0,0,0,0,0,0,0,0,0,0,0,0,0,0,0,0,0,0,0,0,0,0.052786
0,0,0,0,0,0,0,0,0,0,0,0,0,0,0,0,0,0,0,0,0,0,0,0,0,0,0,0,0,0,0,0
0,0,0,0,0,0,0,0,0,0,0,0,0,0,0,0,0,0,0,0,0,0,0,0,0,0,0,0,0,0,0,0
0,0,0,0,0,0,0,0,0,0,0,0,0,0,0,0,0,0,0,0,0,0,0,0,0,0,0,0,0,0,0,0
0,0,0,0,0,0,0,0,0,0,0,0,0,0,0,0,0,0,0,0,0,0,0,0,0,0,0,0,0,0,0,0
0,0,0,0,0,0,0,0,0,0,0,0,0,0,0,0,0,0,0,0,0,0,0,0,0,0,0,0,0,0,0,0
0,0,0,0,0,0,0,0,0,0,0,0,0,0,0,0,0,0,0,0,0,0,0,0,0,0,0,0,0,0,0,0
0,0,0,0,0,0,0,0,0,0,0,0,0,0,0,0,0,0,0,0,0,0,0,0,0,0,0,0,0,0,0,0
0,0,0,0,0,0,0,0,0,0,0,0,0,0,0,0,0.1237,0,0,0,0,0,0,0,0,0,0,0,0,0,0,0.038173
0,0,0,0,0,0,0,0,0,0,0,0,0,0,0,0,0.12045,0,0,0,0,0,0,0,0,0,0,0,0,0.079628,0.02871,0.045083
0,0,-0.033065,-0.016163,0,0,0,0,0,0,0,0,0,0,0,0,0,0,0,0,0,0,0,0,0,0,0.13105,0.086718,0.05529,0.036216,0.03365,0.07553
0,0,0,0.025683,0.032899,0.011833,0,0,0,0,0,0,0,0,0,0,0,0,0,0,0,0,0,0,0,0.12488,0.084292,0.031472,0.0058888,0.0089306,0.060131,0.085212
0,0,0,0,0,0.0077916,-0.040017,-0.10594,0,0,0,0,0,0,0,0,0,0,0.10637,0.11135,0,0,0,0,0,0.080761,0.059944,0.016039,-0.01091,0.0040262,0.04677,0.063001
0,0,0,0,0,0,-0.027112,-0.089666,0,0,0,0,0,0,0,0,0,0.0058293,0.038237,0.081963,0.091168,0.088134,0.089933,0.06913,0.065775,0.079562,0.07979,0.04895,0.010634,0.014139,0.029663,0.024168
0,0,0,0,0,0,0,0,0,0,0,0,0,0,0,0,-0.014927,-0.014681,0.030952,0.069981,0.087726,0.087069,0.064767,0.050743,0.068705,0.086025,0.09063,0.059642,0.035809,0.049863,0.026178,-0.0086886
0,0,0,0,0,0,0,0,0,-0.033239,0,0,0,0,0,-0.014297,0.0061079,0.0069492,0.033654,0.069022,0.086099,0.087944,0.074162,0.070737,0.074229,0,0,0,0,0.059489,-0.0055247,-0.04485
0,0,0,0,0,0,0,0,0,-0.059782,0,0,0,0,0.013402,0.0003185,0.021389,0.029979,0.042792,0.081541,0.10709,0.1172,0.12288,0.11107,0,0,0,0,0,0.059282,-0.018048,-0.016378
-0.082503,0,0,0,0,0,0,0,-0.075469,-0.1116,0,0,0,0.073073,0.005051,-0.013142,-0.012297,0.016048,0.053278,0.091846,0.10928,0.16193,0.18043,0,0,0,0.1544,0.16598,0.14198,0.061399,-0.019155,-0.019268
0,-0.097564,0,0,0,0,0,0,-0.043326,-0.034642,0,0.13508,0.05263,0.040806,0.0073204,0.0015607,-0.0037918,0.024604,0.063273,0.098571,0.12994,0.18108,0.24463,0.28043,0.23862,0.18476,0.16479,0.14953,0.11724,0.063105,0.0072307,-0.0035763
0,0,-0.061092,0,0,0,0,0,0.037882,0.050408,0.11776,0.092546,0.041687,0.055514,0.0355,0.014332,0.0056824,0.057284,0.10081,0.12625,0.15126,0.19982,0.24725,0.26651,0.2532,0.20448,0.18434,0.14323,0.11503,0.095047,0.034877,0.00080015
0,0,-0.018106,0,0,0,0,0.10987,0.1014,0.10541,0.10681,0.099961,0.081429,0.08518,0.045712,0.00091547,-0.013136,0.047188,0.10669,0.11907,0.14252,0.17943,0.23264,0.26672,0.24597,0.21513,0.19188,0.14361,0.11697,0.095191,0.044302,0.0008397
0,0,0.024304,0,0,0,0.077917,0.10773,0.12247,0.10405,0.092555,0.086686,0.07998,0.064192,0.032763,-0.0066165,-0.030339,0.025871,0.067483,0.08109,0.11244,0.16422,0.21044,0.24416,0.2359,0.22386,0.191,0.15747,0.14403,0.11547,0.068738,0.04663
0,0,0,0.096308,0,0.059746,0.056552,0.10557,0.13364,0.10198,0.072451,0.080984,0.069501,0.063254,0.047828,0.02917,0.00078055,0.01777,0.023465,0.029344,0.078172,0.15201,0.20722,0.23263,0.23396,0.20577,0.17273,0.14563,0.15202,0.12025,0.082814,0.070326
0,0,0,0.11318,0.115,0.066941,0.067197,0.11139,0.12813,0.10981,0.090216,0.099463,0.096478,0.088596,0.082645,0.068552,0.044804,0.036094,0.014775,0.016971,0.080443,0.15825,0.21965,0.25577,0.22892,0.19087,0.1463,0.11824,0.1258,0.11013,0.081661,0.073973
0,0,0,0.15032,0.1319,0.08843,0.10201,0.12756,0.11008,0.10662,0.11188,0.12161,0.13098,0.12514,0.11119,0.09972,0.074587,0.063984,0.024854,0.029346,0.094389,0.18558,0.22822,0.27207,0.2242,0.17688,0.1261,0.093772,0.10723,0.091595,0.059909,0.052269
0,0,0,0.16646,0.13749,0.096915,0.10932,0.12704,0.12409,0.13187,0.13417,0.14241,0.15198,0.1447,0.11981,0.11946,0.095996,0.084186,0.053751,0.060974,0.11217,0.18676,0.22875,0.24259,0.19534,0.162,0.11297,0.074185,0.083415,0.068598,0.027992,0.024645
0,0,0,0.11183,0.095537,0.085616,0.099301,0.12481,0.14821,0.1612,0.15246,0.14929,0.1571,0.14489,0.11765,0.11476,0.10437,0.097808,0.083462,0.096672,0.13292,0.18188,0.20752,0.19366,0.15448,0.13923,0.099749,0.049335,0.050555,0.045178,0.010061,0.0083366
0,0,0,0.077857,0.062971,0.09031,0.11088,0.1196,0.14156,0.16094,0.15137,0.14445,0.15711,0.1584,0.13812,0.12264,0.094877,0.10028,0.099737,0.11784,0.14356,0.17752,0.17121,0.14895,0.10993,0.1096,0.067021,0.020862,0.020924,0.015456,-0.010192,0.0015586
0,0,0,0,0.046976,0.085384,0.12898,0.13236,0.15009,0.14683,0.13633,0.13054,0.16441,0.18285,0.1823,0.13209,0.096702,0.093753,0.10731,0.1544,0.18423,0.19821,0.18486,0.13731,0.099271,0.060973,0.033868,0.012436,0.00042473,-0.003534,-0.02319,-0.031932
0,0,0,0,0,0.10377,0.11293,0.13763,0.15029,0.15338,0.13816,0.14964,0.1812,0.19352,0.17018,0.12385,0.092699,0.086806,0.13292,0.18846,0.22324,0.20412,0.18098,0.14418,0.096018,0.068713,0.045874,0.022688,0.028315,0.018324,0.0049279,-0.034671
0,0,0,0,0,0,0,0.16504,0.17018,0.16412,0.15088,0.15084,0.18454,0.18074,0.15142,0.1019,0.084984,0.096268,0.14668,0.18306,0.21121,0.21175,0.19948,0.15535,0.1314,0.11711,0.07084,0.051642,0.063042,0.053905,0.028661,-0.010089
0,0,0,0,0,0,0,0,0,0.18556,0.17637,0.16613,0.17645,0.16161,0.13128,0.083938,0.085229,0.1059,0.15197,0.17794,0.20121,0.22736,0.22246,0.17442,0.15137,0.1443,0.077786,0.037793,0.033465,0.044639,0.029844,0.0032659
0,0,0,0,0,0,0,0,0,0,0,0.19669,0.16926,0.14049,0.11185,0.082119,0.087264,0.11639,0.14706,0.16091,0.21448,0.24973,0.24888,0.19558,0.17182,0.16347,0.095569,0.022944,0.018351,0.033362,0.040521,0.038402
0,0,0,0,0,0,0,0,0,0,0,0.18644,0.17804,0.14148,0.11584,0.088178,0.093862,0.11365,0.12802,0.14029,0.22669,0.28805,0.27672,0.22557,0.20108,0.19597,0.12245,0.029202,0.015193,0.01549,0.025725,0.031818
0,0,0,0,0,0,0,0,-0.060226,-0.045171,-0.0012574,0,0,0.12053,0.11288,0.10456,0.10186,0.10422,0.092614,0.09908,0.18136,0.25455,0.2724,0.26071,0.25465,0.24167,0.15904,0.05433,-8.7163e-05,-0.0026206,0.006885,0.0123
0,0,0,0,0,0,0,-0.078136,-0.073276,-0.059738,-0.042698,-0.017732,0.045636,0.089738,0.1065,0.10262,0.082198,0.063086,0.054292,0.052762,0.11777,0.19861,0.25225,0.26666,0.27912,0.25645,0.16303,0.064643,0.011395,0.018066,0.034927,0.019741
0,0,0,0,0,0,-0.046961,-0.065986,-0.076862,-0.066195,-0.03193,-0.0069497,0.038058,0.061543,0.07986,0.064593,0.054671,0.045499,0.040542,0.038408,0.091408,0.17455,0.2511,0.27199,0.30655,0.27179,0.18605,0.11954,0.054892,0.039716,0.061027,0.018889
0,0,0,0,0,-0.048786,-0.052306,-0.068342,-0.083634,-0.076774,-0.025804,0.016513,0.047119,0.056363,0.075144,0.050282,0.029281,0.025521,0.011346,0.0058459,0.060128,0.14594,0.23493,0.27939,0.3088,0.27891,0.20943,0.15565,0.089565,0.054523,0.056911,0.020507
0,0,0,0,0,-0.012388,-0.034922,-0.059435,-0.079852,-0.062639,-0.018255,0.021218,0.036,0.051586,0.063371,0.033498,0.014477,-0.0012676,-0.014299,-0.018084,0.030814,0.13325,0.2276,0.27097,0.301,0.27909,0.23593,0.17147,0.10973,0.059727,0.066288,0.040302
0,0,0,0,0.014109,0.013103,-0.014045,-0.039365,-0.056994,-0.047319,-0.0083109,0.0094828,0.017144,0.031834,0.034189,0.0088368,-0.027288,-0.050795,-0.063439,-0.045335,-0.00032984,0.10815,0.20223,0.24571,0.28225,0.28647,0.25953,0.19886,0.12521,0.080599,0.078084,0.058497
0,0,0,0,0,0.015239,-0.01604,-0.015042,-0.0086796,0.0094764,0.023667,0.018476,0.018176,0.033586,0.028255,-0.006005,-0.058609,-0.10494,-0.12794,-0.099349,-0.040618,0.066285,0.16375,0.20907,0.25962,0.27653,0.26781,0.21969,0.14812,0.11866,0.10653,0.062719
0,0,0,0,0,0,-0.0082319,0.0024294,0.037721,0.059825,0.060999,0.039423,0.027162,0.048781,0.048805,0.0099361,-0.065154,-0.14529,-0.17823,-0.16621,-0.1007,0.016022,0.11741,0.17163,0.2199,0.25349,0.25142,0.21955,0.16067,0.14007,0.1197,0.085354
0,0,0,0,0,0,0,0,0.036329,0.04617,0.048168,0.036055,0.023877,0.04518,0.069639,0.030884,-0.064286,-0.15256,-0.22543,-0.23367,-0.16448,-0.031899,0.06792,0.12655,0.16917,0.22183,0.2399,0.22648,0.19255,0.16741,0.16129,0.12213
0,0,0,0,0,0,0,0,-0.041131,-0.028782,-0.039666,-0.020183,-0.031974,0,0.05938,0.043053,-0.06417,-0.16918,-0.26221,-0.2782,-0.21148,-0.095341,0.015068,0.060162,0.12522,0.20941,0.25909,0.25712,0.24538,0.21706,0.20764,0.16239
0,0,0,0,0,0,0,0,0,0,-0.12906,0,-0.092994,-0.092088,0,0,-0.083664,-0.17365,-0.27082,-0.28001,-0.23917,-0.13365,-0.035107,0.031874,0.11034,0.19604,0.25533,0.26366,0.25492,0.23095,0.21689,0.18673
0,0,0,0,0,0,0,0,0,-0.13557,-0.17652,-0.1742,0,0,-0.090633,0,0,-0.19372,-0.26032,-0.29061,-0.25211,-0.15735,-0.074212,0.0024988,0.068741,0.15584,0.21491,0.21708,0.23145,0.22749,0.21956,0.17882
0,0,0,0,0,0,0,0,0,0,-0.16208,-0.19471,-0.21532,0,0,0,0,0,-0.28708,-0.3015,-0.26942,-0.17176,-0.098592,-0.023357,0.042326,0.14558,0.19155,0.19442,0.22115,0.24578,0.23213,0.1936
0,0,0,0,0,0,0,0,0,0,0,-0.19902,-0.24834,-0.24045,-0.21235,-0.21996,-0.23322,0,0,-0.33041,-0.32413,-0.2286,-0.11902,-0.025334,0.063213,0.14198,0.17291,0.17249,0.20921,0.24835,0.25487,0.19004
0,0,0,0,0,-0.019523,-0.094854,0,0,0,0,-0.2579,-0.27884,-0.26343,-0.23812,-0.261,-0.28481,-0.26316,-0.25315,0,-0.32843,-0.25263,-0.13985,-0.030396,0.058765,0.12115,0.12614,0.13442,0.17461,0.22449,0.22913,0.17183
0,0,0,0,0,-0.0068533,-0.054816,-0.12175,0,0,-0.29545,-0.32541,-0.31389,-0.26993,-0.24557,-0.26266,-0.30815,-0.31214,-0.30552,-0.37012,-0.35077,-0.30193,-0.16843,-0.040866,0.049297,0.085925,0.09079,0.097745,0.15042,0.20639,0.23527,0.21754
0,0,0,0,0,-0.12785,-0.15036,-0.1911,-0.23206,-0.28578,-0.33728,-0.34874,-0.31579,-0.26506,-0.22138,0,0,-0.29124,-0.3154,-0.38162,-0.39204,-0.33823,-0.17244,-0.042263,0.040296,0.090177,0.09202,0.08883,0.12794,0.1935,0.23785,0.25423
0,0,0,0,0,-0.22487,-0.20749,-0.23475,-0.26917,-0.31325,-0.35206,-0.32713,-0.2783,-0.21801,0,0,0,0,-0.3148,-0.44435,-0.45,-0.40495,-0.22143,-0.084129,-0.026049,0.03997,0.08695,0.099341,0.10649,0.16238,0.20837,0.24093
0,0,0,0,-0.21216,-0.26237,-0.248,-0.27264,-0.30014,-0.32342,-0.32432,-0.28837,-0.22439,-0.18682,0,0,0,0,-0.32905,-0.43925,-0.46432,-0.41059,-0.24594,-0.14734,-0.11083,-0.044597,0.033013,0.097508,0,0,0,0.19357
0,0,0,0,-0.16909,-0.26652,-0.28546,-0.31573,-0.30801,-0.28871,-0.26999,-0.23008,-0.1989,0,0,0,0,0,-0.36213,-0.43009,-0.43982,-0.40042,-0.27664,-0.19438,-0.17084,-0.11885,-0.0091637,0,0,0,0,0
0,0,0,-0.027922,-0.20345,-0.28104,-0.31954,-0.31549,-0.26634,-0.23649,-0.22985,-0.20487,-0.1799,0,-0.13496,0,-0.16116,-0.24622,-0.35336,-0.41118,-0.42316,-0.38268,-0.28915,-0.23563,-0.2217,-0.16813,-0.031045,0,0,0,0,0
0,0,-0.20549,-0.22764,-0.29073,-0.31031,-0.3457,-0.327,-0.24948,-0.2411,-0.24256,-0.21284,-0.18024,-0.1385,-0.1183,-0.10532,-0.14398,0,-0.30336,-0.37086,-0.39224,-0.3462,-0.29649,-0.25408,-0.24809,-0.18893,0,0,0,0,0,0
-0.56127,-0.31838,-0.27359,-0.28511,-0.30958,-0.33179,-0.32858,-0.28023,-0.28308,-0.31707,-0.29441,-0.23272,-0.18264,-0.12806,-0.10003,-0.077911,-0.10908,0,-0.25489,-0.31883,-0.33486,-0.31147,-0.28371,-0.27611,-0.24873,-0.17425,0,0,0,0,0,0
-0.50405,-0.3692,-0.30579,-0.28296,-0.31914,-0.33102,-0.29582,-0.26164,-0.30017,-0.32736,-0.2975,-0.25154,-0.20439,-0.11478,-0.099036,-0.092351,-0.12588,-0.16202,-0.22937,-0.26327,-0.26582,-0.27674,-0.26555,-0.28053,-0.21073,0,0,0,0,0,0,0
-0.38996,-0.33608,-0.29245,-0.29918,-0.36254,-0.35181,-0.28966,-0.25899,-0.28017,-0.27549,-0.23696,0,0,-0.10016,-0.11986,-0.14757,-0.20435,-0.23071,-0.25559,-0.25617,-0.22975,-0.25472,-0.24911,-0.19161,0,0,0,0,0,0,0,0
-0.38384,-0.3269,-0.31047,-0.37032,-0.41136,-0.35889,-0.28692,-0.25748,-0.23941,-0.21542,-0.175,-0.15455,-0.1422,-0.13611,-0.15892,-0.18833,-0.25795,-0.27433,-0.27177,-0.24021,-0.22307,-0.27633,-0.25784,-0.22744,0,0,0,0,0,0,0,0
-0.25675,-0.24812,-0.31636,-0.39127,-0.40383,-0.36664,-0.32147,-0.26676,-0.21181,-0.16825,-0.15822,-0.16025,-0.19791,-0.19375,-0.18477,-0.1737,-0.24034,-0.30175,-0.30812,-0.26858,-0.2338,-0.27603,-0.24001,-0.20206,0,0,0,0,0,0,0,0
-0.26169,-0.29318,-0.34865,-0.37826,-0.37814,-0.35325,-0.31152,-0.26416,-0.1952,-0.14268,-0.13634,-0.15454,-0.16656,-0.16898,-0.14276,-0.1275,-0.20328,-0.28233,-0.31392,-0.27425,-0.23171,-0.23136,0,0,0,0,0,0,0,0,0,0
-0.32358,-0.34347,-0.33955,-0.3492,-0.37344,-0.35258,-0.29188,-0.22775,-0.15086,-0.093674,-0.099561,-0.116,-0.13545,-0.12096,-0.092998,-0.081058,0,0,-0.27707,-0.25422,-0.2245,-0.18435,0,0,0,0,0,0,0,0,0,0
-0.35033,-0.38945,-0.36563,-0.3661,-0.37439,-0.3408,-0.26451,-0.17714,-0.10013,-0.050553,-0.043264,-0.09339,-0.10891,-0.093464,-0.072393,-0.047814,-0.065248,-0.12814,-0.22056,-0.23276,-0.2291,-0.19126,0,0,0,0,0,0,0,0,0,0
-0.33822,-0.39994,-0.37146,-0.34171,-0.32896,-0.29165,-0.21915,-0.1146,-0.054604,-0.0012259,-0.00053837,-0.048819,-0.081503,-0.072483,-0.055031,-0.026399,-0.023059,0,0,-0.1768,-0.19214,-0.1909,-0.18983,-0.11947,0,0,0,0,0,0,0,0
-0.33392,-0.41298,-0.39858,-0.33853,-0.30564,-0.27367,-0.19816,-0.097334,-0.031054,0.02057,0.013496,-0.038443,-0.050717,-0.035282,-0.01828,-0.001503,-0.02036,0,0,0,-0.15844,-0.17391,-0.15709,-0.086538,-0.026208,0,0,0,0,0,0,0
-0.32833,-0.42263,-0.44649,-0.36016,-0.28257,-0.23502,-0.1695,-0.069247,-0.0057557,0.031285,0.01593,-0.029782,-0.030475,0.0060711,0.033322,0.048131,0.00011237,0,0,0,-0.12745,-0.11908,-0.12122,-0.096898,-0.015212,0,0,0,0,0,0,0
-0.32613,-0.39115,-0.43394,-0.36169,-0.27222,-0.20594,-0.14918,-0.063719,-0.0087518,0.020301,0.0031713,-0.039161,-0.040892,-0.00080205,0.040235,0.053551,0.0077581,-0.016018,0,0,0,-0.065686,0,0,0,0,0,0,0,0,0,0
-0.34737,-0.38861,-0.43566,-0.38586,-0.28485,-0.19077,-0.12175,-0.067794,-0.01888,-0.0067125,-0.019223,-0.065179,-0.064955,-0.039767,-0.01393,0.01676,0.0033048,0.0021534,0,0,-0.065053,-0.0050985,0.041346,0.058044,0,0,0,0,0,0,0,0
-0.35153,-0.38474,-0.42381,-0.38157,-0.26703,-0.14423,-0.060995,-0.025559,-0.0082649,0.001543,-0.011888,-0.058631,-0.065366,-0.05037,-0.046953,-0.020659,-0.017454,-0.032833,-0.069264,0,-0.038645,0.029589,0.055762,0.062625,0.058989,0.069749,0,0,0,0,0,0
-0.36173,-0.38943,-0.41451,-0.34547,-0.2138,-0.084827,-0.017369,0.0073668,0.012822,0.01054,-0.0083448,-0.04596,-0.060331,-0.045536,-0.049355,-0.018125,-0.019788,-0.048002,-0.095729,-0.12847,0,0.0202,0.044607,0.048111,0.054863,0.048997,0,0,0,0,0,0
-0.36447,-0.39862,-0.39973,-0.31337,-0.179,-0.055633,-0.0057572,0.018221,0.024269,0.027101,0.026887,-0.028511,-0.050575,-0.034308,-0.024437,-0.0083497,-0.023302,-0.045165,-0.080361,-0.10121,-0.087603,-0.022161,0.019058,0.027396,0.040192,0.022396,0.028525,0.056266,0,0,0,0
-0.37275,-0.39257,-0.36299,-0.26568,-0.13836,-0.052969,-0.015609,0.019722,0.037953,0.037597,0.048843,-0.016767,-0.054476,-0.031525,-0.0076476,0.006485,-0.0121,-0.040028,-0.070095,-0.082752,-0.078827,-0.047836,-0.003834,0.012696,0.039642,0.027575,0.033467,0.077298,0.14447,0,0,0
-0.36648,-0.38024,-0.32278,-0.21603,-0.10384,-0.038455,-0.0073613,0.030734,0.031496,0.024446,0.031481,-0.015734,-0.043321,-0.031982,-0.0049206,0.0072012,-0.00097855,-0.026228,-0.051738,-0.063179,-0.06876,-0.055904,-0.030287,0.0044881,0.041048,0.04446,0.037852,0.060627,0.10751,0.1496,0.15373,0.13445
-0.33736,-0.34347,-0.29595,-0.19866,-0.087246,-0.019122,0.01438,0.048285,0.027205,0.0053199,0.024135,0.0022503,-0.020372,-0.012621,-0.012725,-0.014728,-0.0048998,-0.020645,-0.024205,-0.054734,-0.06118,-0.074734,-0.047128,0.0027383,0.031152,0.029101,0.015897,0.033346,0.096337,0.15599,0.17495,0.16075
-0.34945,-0.34679,-0.29911,-0.18885,-0.064212,0.01311,0.058612,0.069422,0.042476,-0.0016358,0.021098,0.025221,0.025658,0.029426,0.0010626,-0.018169,0.014023,-0.0061206,-0.012644,-0.044351,-0.076393,-0.096896,-0.048393,0.0029993,0.039296,0.045965,0.029979,0.039641,0.10266,0.13766,0.16144,0.12776
-0.33733,-0.32625,-0.27837,-0.17471,-0.045981,0.028635,0.068237,0.070195,0.024524,-0.0090179,0.022919,0.033511,0.027195,0.025035,-0.0022251,0.0048612,0.04057,0.030997,0.0078562,-0.029919,-0.066592,-0.096454,-0.071253,-0.022941,0.017413,0.036864,0.051049,0.04772,0.045463,0.056306,0.079715,0.074465
-0.32423,-0.3021,-0.26897,-0.14803,-0.03208,0.032678,0.089345,0.086034,0.039917,0.021075,0.038776,0.027708,0.03294,0.037301,-0.0056065,0.0088288,0.044896,0.052902,0.024565,-0.010271,-0.038776,-0.066556,-0.064972,-0.068015,-0.042108,-0.0021222,0.013272,-0.00020917,-0.014545,-0.0078812,0.010042,0.031267
-0.29659,-0.24983,-0.2141,-0.099735,-0.010422,0.035134,0.084145,0.08258,0.056315,0.039469,0.058069,0.039362,0.055144,0.071027,-0.00010876,-0.0053578,0.019005,0.054335,0.050021,0.024911,-0.00041963,-0.037322,-0.067716,-0.085419,-0.079122,-0.027408,-0.0031379,-0.023229,-0.043394,-0.049579,-0.017238,0.013275
-0.2763,-0.20637,-0.14551,-0.059391,0.015209,0.04885,0.071244,0.065414,0.043012,0.041173,0.073174,0.055302,0.081794,0.082696,0.0095781,-0.0016698,0.01802,0.065405,0.072305,0.04635,-0.0026604,-0.034093,-0.062071,-0.082836,-0.071104,-0.035372,-0.0020723,-0.0012487,-0.034143,-0.06458,-0.027449,0.026096
-0.29392,-0.20898,-0.12331,-0.040638,0.020333,0.05207,0.061155,0.051187,0.025531,0.029597,0.064414,0.05008,0.053349,0.029795,-0.015295,-0.0026786,0.029398,0.077628,0.080234,0.039204,-0.029589,-0.048155,-0.076288,-0.072482,-0.066217,-0.037421,-0.012028,-0.0061824,-0.035401,-0.0821,-0.052685,-0.0012078
-0.30416,-0.22273,-0.10577,-0.027647,0.012934,0.042228,0.053217,0.039013,0.0076059,0.0071764,0.019362,0.015518,0.0092652,-0.020805,-0.068578,-0.04009,0.017459,0.072838,0.08374,0.041546,-0.017222,-0.033238,-0.065034,-0.068669,-0.06732,-0.069291,-0.047484,-0.064563,-0.08897,-0.094905,-0.071366,-0.062026
-0.28618,-0.22794,-0.099153,-0.0252,0.0088415,0.025613,0.046294,0.049214,0.023127,0.011637,0.0092494,0.0024651,0.0073649,-0.024692,-0.080363,-0.06798,-0.0089279,0.056009,0.081245,0.041751,0.0074157,-0.010787,-0.043436,-0.056174,-0.061857,-0.069269,-0.075182,-0.11716,-0.14424,-0.12819,-0.095337,-0.088777
-0.2491,-0.19652,-0.092367,-0.02144,0.0067196,0.028453,0.056138,0.05017,0.015906,-0.00032127,-0.00096182,0.011547,0.0088809,-0.03184,-0.066708,-0.052287,-0.0029406,0.030384,0.047845,0.053216,0.016831,0.0045069,-0.036882,-0.052013,-0.067125,-0.10233,-0.13254,-0.16243,-0.17613,-0.11703,-0.074929,-0.073864
-0.24491,-0.18869,-0.089026,-0.032404,-0.0040448,0.028415,0.048416,0.039894,-0.0035586,-0.033392,-0.028728,-0.0073609,-0.021436,-0.049457,-0.063971,-0.029918,0.015258,0.022104,0.022175,0.024783,0.0054029,0.0027946,-0.022471,-0.055246,-0.08869,-0.14241,-0.16457,-0.16702,-0.18413,-0.15744,-0.12082,-0.10599
-0.20458,-0.16036,-0.078732,-0.04122,-0.00687,0.025291,0.021278,-0.0080689,-0.045869,-0.079751,-0.058151,-0.0048335,-0.0045095,-0.042224,-0.057399,-0.020344,0.0034156,0.0051162,0.0015313,-0.0027797,0.0018486,4.4072e-05,-0.0003409,-0.039373,-0.095629,-0.17162,-0.20077,-0.19688,-0.21222,-0.22789,-0.21843,-0.16894
-0.13572,-0.099957,-0.040865,-0.036097,-0.0054404,0.021405,-0.0020985,-0.054768,-0.070485,-0.084655,-0.062501,-0.0031226,-0.0017802,-0.042035,-0.065526,-0.044085,-0.010002,-0.0027538,0.00046856,-0.00040102,0.0093378,0.021489,0.014994,-0.037662,-0.088909,-0.1607,-0.22065,-0.22206,-0.22809,-0.22747,-0.2248,-0.20104
-0.08862,-0.062632,-0.045714,-0.040649,-0.010999,0.014909,-0.024314,-0.072581,-0.075155,-0.068634,-0.041539,-0.0097781,-0.031095,-0.065547,-0.086412,-0.062546,-0.014343,0.017423,0.025712,0.012085,0.0043487,0.023429,0.0093168,-0.03302,-0.070213,-0.13632,-0.2122,-0.22482,-0.20841,-0.18031,-0.18262,-0.20262
-0.06878,-0.045385,-0.049079,-0.054141,-0.014379,0.020487,-0.018297,-0.060582,-0.070632,-0.044563,-0.011479,-0.0067455,-0.041717,-0.069225,-0.096945,-0.079434,-0.014588,0.036551,0.057865,0.039226,0.02183,0.022593,-0.00052207,-0.024945,-0.047939,-0.1064,-0.18656,-0.22167,-0.19487,-0.12842,-0.13291,-0.17826
-0.065024,-0.044692,-0.073579,-0.061242,-0.021537,0.0071686,-0.0081057,-0.04925,-0.051381,-0.031003,-0.0043319,-0.019418,-0.04659,-0.06772,-0.086939,-0.061714,0.0019561,0.054121,0.08735,0.059277,0.026979,0.0053957,0.0013043,-0.011357,-0.04304,-0.10412,-0.17557,-0.20369,-0.17483,-0.12236,-0.13098,-0.17407
-0.067015,-0.069093,-0.089241,-0.053333,-0.039247,-0.027643,-0.013158,-0.034633,-0.033488,-0.018529,-0.022552,-0.044458,-0.043089,-0.05173,-0.07116,-0.031933,0.022594,0.080639,0.10775,0.0777,0.0080677,-0.019078,-0.00063404,0.0063285,-0.045492,-0.10908,-0.14881,-0.18708,-0.15292,-0.13613,-0.17884,-0.21209
-0.090084,-0.096893,-0.11896,-0.082516,-0.075623,-0.063501,-0.040009,-0.04089,-0.0252,0.0018023,-0.029435,-0.035137,-0.026656,-0.031677,-0.04911,-0.031552,0.023744,0.080403,0.095787,0.068878,-0.010668,-0.020968,0.013705,0.026965,-0.034245,-0.088016,-0.13338,-0.17,-0.13644,-0.13463,-0.18956,-0.20633
-0.10527,-0.15515,-0.17531,-0.14138,-0.14102,-0.13512,-0.08646,-0.030994,0.024423,0.043603,-0.0026612,-0.048121,-0.03849,-0.045645,-0.047647,-0.037791,0.0068831,0.056031,0.072658,0.05395,0.0019189,0.019164,0.058126,0.057545,0.00046516,-0.078846,-0.13061,-0.17972,-0.15522,-0.13007,-0.1669,-0.17625
-0.1625,-0.19543,-0.18538,-0.1621,-0.15948,-0.15975,-0.10194,-0.020677,0.063073,0.082705,0.01491,-0.059009,-0.053966,-0.024202,-0.03046,-0.023564,0.012126,0.069033,0.087551,0.079149,0.077945,0.10763,0.10916,0.056917,-0.0060223,-0.08643,-0.13287,-0.19197,-0.17168,-0.13485,-0.14511,-0.15759
-0.21874,-0.23845,-0.20615,-0.16955,-0.15428,-0.14405,-0.077644,0.0083439,0.076996,0.10493,0.042306,-0.026286,-0.016522,-0.0028778,-0.0058649,1.8355e-06,0.035614,0.094352,0.13397,0.14983,0.17823,0.19241,0.13556,0.047112,-0.02124,-0.097314,-0.14792,-0.19316,-0.20181,-0.18382,-0.13957,-0.13713
-0.27421,-0.27451,-0.22047,-0.16265,-0.13973,-0.1176,-0.053636,0.025238,0.088854,0.11536,0.087441,0.033349,0.008614,0.0014334,-0.014482,0.0062755,0.041542,0.10759,0.17481,0.19506,0.21962,0.19854,0.12506,0.03936,-0.033119,-0.095146,-0.14199,-0.1822,-0.2046,-0.20445,-0.15857,-0.13743
-0.36221,-0.34113,-0.2702,-0.19573,-0.15444,-0.10727,-0.034633,0.038609,0.10525,0.1454,0.12684,0.079978,0.046421,0.023902,0.013953,0.038866,0.070283,0.1393,0.20786,0.21192,0.1972,0.1602,0.11144,0.048206,-0.019243,-0.074652,-0.11891,-0.1605,-0.18786,-0.20152,-0.18459,-0.14722
-0.40402,-0.35962,-0.29138,-0.20274,-0.15396,-0.092182,0.0011393,0.079317,0.13506,0.1742,0.14171,0.095111,0.079644,0.052182,0.035243,0.047527,0.10911,0.18485,0.24718,0.20952,0.15349,0.1207,0.09765,0.054888,0.00040353,-0.051344,-0.093073,-0.1217,-0.1574,-0.19215,-0.18723,-0.14935
-0.44233,-0.35996,-0.27884,-0.19496,-0.13245,-0.04036,0.067472,0.11472,0.17427,0.19755,0.15986,0.11518,0.097354,0.05989,0.057114,0.10156,0.1713,0.24353,0.23634,0.17366,0.12647,0.12164,0.10697,0.059419,0.0067365,-0.032813,-0.055185,-0.075387,-0.13544,-0.1693,-0.1885,-0.16963
-0.41698,-0.32497,-0.25099,-0.17469,-0.09332,0.012479,0.09665,0.12967,0.18838,0.19994,0.15171,0.11059,0.082992,0.07794,0.1187,0.17545,0.22616,0.23811,0.20389,0.1611,0.13168,0.13064,0.12088,0.084071,0.043641,-0.015606,-0.040669,-0.050972,-0.10908,-0.15534,-0.2026,-0.1753
-0.42201,-0.34406,-0.26148,-0.16613,-0.066668,0.038169,0.1179,0.14997,0.1988,0.18549,0.11214,0.053394,0.046708,0.09404,0.16961,0.20332,0.20216,0.19107,0.17166,0.14049,0.12637,0.12647,0.10164,0.092588,0.060515,0.020978,-0.024723,-0.059437,-0.10199,-0.17169,-0.22342,-0.18233
-0.44421,-0.36165,-0.25159,-0.153,-0.053739,0.061471,0.11731,0.16098,0.19302,0.14907,0.057592,0.0040783,0.033445,0.12543,0.18863,0.18391,0.16204,0.17691,0.16402,0.1357,0.094803,0.0898,0.097612,0.099236,0.09282,0.066984,0.020255,-0.037139,-0.12255,-0.2129,-0.24228,-0.20846
-0.44115,-0.32653,-0.22261,-0.11875,-0.0090323,0.096015,0.13646,0.16251,0.18232,0.14274,0.048814,0.025744,0.065704,0.14459,0.1718,0.16251,0.14596,0.17186,0.15705,0.11006,0.089984,0.099335,0.1154,0.12897,0.12358,0.12517,0.088333,0.0054352,-0.12101,-0.22402,-0.25239,-0.22046
-0.39678,-0.28106,-0.1659,-0.062919,0.051595,0.14,0.16041,0.15587,0.16906,0.14474,0.088375,0.086428,0.092854,0.11875,0.1352,0.13308,0.13335,0.15632,0.13357,0.099752,0.1019,0.12931,0.15203,0.16327,0.17239,0.1673,0.12888,0.030725,-0.096035,-0.19313,-0.23544,-0.23056
-0.33214,-0.21125,-0.10512,-0.0082732,0.10435,0.17742,0.18776,0.18189,0.18218,0.16601,0.12978,0.11386,0.081094,0.090306,0.10345,0.086559,0.1,0.12456,0.11931,0.11861,0.13482,0.17113,0.19648,0.20467,0.20711,0.17616,0.13857,0.033692,-0.074661,-0.15103,-0.20931,-0.22964
-0.25653,-0.1176,-0.022753,0.058889,0.15005,0.20703,0.21345,0.22075,0.21765,0.20961,0.16696,0.099668,0.052558,0.059403,0.076636,0.04353,0.065825,0.13004,0.15447,0.16681,0.19531,0.216,0.22436,0.22539,0.21465,0.17936,0.13553,0.045434,-0.040911,-0.097785,-0.16509,-0.1913
-0.15035,-0.039614,0.02592,0.10265,0.18412,0.23783,0.25695,0.2657,0.26847,0.23648,0.17009,0.073349,0.015886,0.024996,0.065514,0.037307,0.08126,0.18607,0.21716,0.21882,0.23245,0.22979,0.22863,0.22631,0.20741,0.1786,0.1273,0.051363,-0.01617,-0.059637,-0.13554,-0.18541
-0.069513,0.017281,0.073546,0.12193,0.2017,0.26993,0.28623,0.2792,0.27078,0.22119,0.13511,0.041945,-0.029318,0.01088,0.062297,0.056307,0.12717,0.24776,0.25494,0.23381,0.23424,0.21017,0.20414,0.20047,0.19006,0.16731,0.14349,0.071781,-0.0061316,-0.063802,-0.14962,-0.21091
-0.012591,0.075946,0.13046,0.17298,0.2301,0.2824,0.2908,0.26466,0.21777,0.16845,0.075052,0.0064759,0.0050991,0.048005,0.082888,0.083718,0.15625,0.24831,0.21699,0.18304,0.17311,0.17429,0.1818,0.19497,0.19201,0.17932,0.15936,0.075567,-0.012595,-0.070342,-0.14655,-0.18779
0.051197,0.127,0.17887,0.21704,0.26099,0.30683,0.29463,0.23784,0.15993,0.098941,0.040023,0.045583,0.069071,0.11384,0.12425,0.097605,0.14395,0.20163,0.17263,0.15968,0.14756,0.1355,0.17515,0.22942,0.24291,0.22048,0.15702,0.061138,-0.00072126,-0.067627,-0.15175,-0.18153
0.13111,0.19513,0.23337,0.26877,0.31099,0.31418,0.28365,0.21439,0.13721,0.088856,0.0657,0.077471,0.098715,0.14528,0.14922,0.10481,0.098798,0.15979,0.17246,0.17185,0.16397,0.14587,0.18891,0.23597,0.23926,0.20375,0.12964,0.063874,0.029512,-0.033583,-0.12631,-0.14743
0.20721,0.27553,0.31727,0.35828,0.36749,0.3197,0.241,0.15079,0.095424,0.082658,0.077008,0.10149,0.098815,0.12115,0.13054,0.074701,0.033694,0.11813,0.19204,0.19813,0.17275,0.14107,0.1945,0.23751,0.2401,0.20894,0.14258,0.084254,0.049271,0.0082066,-0.08103,-0.095777
0.28174,0.3303,0.38301,0.41724,0.40079,0.30413,0.20292,0.098782,0.065034,0.095839,0.096373,0.096492,0.064281,0.053543,0.077174,0.045164,0.016826,0.11611,0.2227,0.24638,0.19388,0.17592,0.20851,0.24645,0.23832,0.20192,0.14923,0.096885,0.043122,0.011823,-0.028794,-0.033939
0.35407,0.36829,0.35842,0.37806,0.37283,0.29344,0.18045,0.079033,0.058355,0.10558,0.10982,0.084217,0.048495,0.024704,0.050491,0.036732,0.04945,0.13075,0.2165,0.23117,0.17424,0.17916,0.21064,0.22559,0.2083,0.1965,0.17069,0.13314,0.084026,0.05231,0.043786,0.025121
0.39181,0.36782,0.33859,0.34219,0.35715,0.28744,0.16203,0.050964,0.038408,0.094545,0.10844,0.080134,0.048821,0.020812,0.030709,0.05252,0.10752,0.16333,0.19503,0.19918,0.16403,0.16588,0.18329,0.20469,0.1875,0.18029,0.17861,0.15074,0.096837,0.050614,0.031262,0.0068816
0.41455,0.37629,0.32996,0.32048,0.33249,0.28922,0.14716,0.0432,0.017709,0.054397,0.089645,0.088043,0.067833,0.030222,0.046109,0.067808,0.12566,0.18038,0.17775,0.16102,0.14317,0.15021,0.1635,0.18039,0.18397,0.17599,0.17787,0.15374,0.11235,0.083383,0.048892,0.003712
0.42739,0.38724,0.32445,0.28354,0.28899,0.26486,0.14086,0.046522,0.0084697,0.030087,0.079163,0.091893,0.08647,0.061712,0.082313,0.074553,0.11705,0.17795,0.18628,0.16504,0.15587,0.14548,0.1476,0.17018,0.18197,0.1811,0.15964,0.13033,0.1071,0.091944,0.04753,-0.012755
0.41313,0.38689,0.31879,0.25042,0.24916,0.23826,0.17385,0.10333,0.046851,0.056448,0.092328,0.10999,0.11532,0.07454,0.099797,0.081507,0.10596,0.1831,0.20199,0.19355,0.16102,0.16506,0.15933,0.17183,0.1835,0.17269,0.14305,0.11254,0.10261,0.11496,0.050712,-0.002043
0.40377,0.38073,0.31325,0.22505,0.21793,0.24447,0.21272,0.15633,0.088018,0.079427,0.11766,0.13889,0.1428,0.10948,0.11495,0.085362,0.11305,0.19754,0.22291,0.20141,0.17054,0.17021,0.18178,0.18615,0.19406,0.18157,0.14592,0.10155,0.092514,0.10458,0.055533,0.011957
0.35957,0.36604,0.31939,0.23527,0.22792,0.24104,0.22079,0.16741,0.09785,0.12208,0.16905,0.17236,0.17061,0.15129,0.15518,0.11897,0.14529,0.23968,0.24319,0.21352,0.19212,0.18014,0.17594,0.18294,0.19011,0.17079,0.13226,0.0794,0.058545,0.087931,0.065623,0.035888
0.31612,0.32738,0.31071,0.26242,0.25719,0.23338,0.18945,0.13162,0.090578,0.1445,0.20607,0.21725,0.18698,0.17154,0.19006,0.15066,0.18001,0.27944,0.29005,0.25197,0.21011,0.18684,0.17735,0.17526,0.16974,0.14545,0.11475,0.051699,0.03859,0.066137,0.067748,0.068863
0.32234,0.33376,0.30491,0.2706,0.26654,0.23006,0.16718,0.10563,0.077529,0.15293,0.25862,0.25405,0.21715,0.18551,0.21612,0.17433,0.19041,0.29925,0.3156,0.28885,0.25091,0.19824,0.16581,0.16165,0.14605,0.11907,0.08913,0.0432,0.023941,0.041718,0.044833,0.05498
0,0.32941,0.32959,0.30131,0.28911,0.25078,0.17396,0.11474,0.080841,0.161,0.27664,0.2797,0.22962,0.20318,0.26371,0.22361,0.21255,0.30879,0.34384,0.3328,0.28662,0.20411,0.15941,0.15115,0.13834,0.10811,0.071619,0.028562,0.012075,0.022901,-0.0031734,0.026847
0,0,0.41664,0.43668,0.38463,0.32585,0.22405,0.13652,0.096661,0.1562,0.25713,0.27309,0.22051,0.19904,0.26528,0.2382,0.23989,0.33644,0.38034,0.35276,0.29133,0.21231,0.15586,0.14166,0.12638,0.088068,0.043544,0.0045601,-0.011176,-0.023331,-0.034167,0.0080644
0,0,0.3479,0.48277,0.49945,0.40338,0.25352,0.14324,0.1086,0.15755,0.23917,0.26379,0.22993,0.19692,0.26025,0.24004,0.2768,0.36791,0.4047,0.38336,0.32187,0.22827,0.1559,0.1382,0.11797,0.071528,0.022139,-0.0098396,-0.029574,-0.044663,-0.039314,0.010442
0,0,0,0.40351,0.47181,0.40996,0.27522,0.15409,0.10775,0.1353,0.20651,0.24829,0.24155,0.21124,0.25769,0.25356,0.30781,0.39886,0.42409,0.39794,0.32632,0.23951,0.17324,0.13667,0.10433,0.057569,0.012376,-0.025759,-0.058872,-0.085454,-0.051557,0.0036463
0,0,0,0,0.3987,0.35313,0.28726,0.19318,0.12707,0.14737,0.20614,0.25872,0.26572,0.247,0.28261,0.2874,0.3571,0.44557,0.45797,0.40908,0.32808,0.25649,0.18828,0.12467,0.076466,0.018332,-0.029236,-0.079747,-0.11963,-0.11658,-0.076246,-0.016406
0,0,0,0,0,0,0.23879,0.18866,0.13822,0.14252,0.19306,0.23768,0.25922,0.28858,0.34862,0.34335,0.40509,0.47631,0.47683,0.43035,0.3423,0.27557,0.21147,0.14136,0.070846,0.0032134,-0.053801,-0.103,-0.1395,-0.11995,-0.084291,-0.036222
0,0,0,0,0,0,0.20643,0.20981,0.17811,0.16735,0.19901,0.21431,0.2466,0.32553,0.39883,0.40309,0.47365,0.51203,0.48902,0.43564,0.35503,0.28691,0.22325,0.15792,0.064921,-0.031178,-0.075695,-0.098875,-0.10949,-0.097679,-0.073483,-0.047168
0,0,0,0,0,0,0,0.20978,0.19829,0.19002,0.21851,0.23677,0.24543,0.31344,0.37955,0.41384,0.49815,0.52485,0.47643,0.43768,0.37103,0.30543,0.23733,0.16223,0.055359,-0.038061,-0.092693,-0.091753,-0.088258,-0.087801,-0.074797,-0.056459
0,0,0,0,0,0,0,0.21217,0.23114,0.24273,0.25096,0.27008,0.27665,0.29193,0.34907,0.41405,0.51365,0.52938,0.48396,0.43458,0.37002,0.3,0.23634,0.15606,0.054315,-0.052415,-0.096259,-0.081932,-0.074839,-0.090375,-0.086,-0.058277
0,0,0,0.0044107,-0.032242,0,0,0,0.24585,0.28423,0.27873,0.30894,0.30405,0.28061,0.31155,0.3932,0.50552,0.53102,0.49667,0.4426,0.36917,0.30653,0.2416,0.15343,0.04605,-0.062702,-0.1173,-0.10979,-0.11004,-0.11494,-0.11125,-0.081138
0,0.018011,0.067736,0.0045625,-0.041449,-0.016159,0,0,0.27235,0.28908,0.28608,0.32426,0.32561,0.27292,0.29653,0.37617,0.48975,0.5411,0.51417,0.44162,0.36856,0.31816,0.22795,0.13738,0.027026,-0.077544,-0.12944,-0.13042,-0.13644,-0.13511,-0.12047,-0.09639
-0.049219,0.022272,0.081334,0.032731,-0.0011088,-0.0068899,0,0,0.21099,0.27877,0.29237,0.33673,0.31915,0.2652,0.30853,0.39586,0.5194,0.57061,0.52861,0.44199,0.36998,0.31288,0.21917,0.12249,0.02594,-0.066484,-0.1396,-0.15732,-0.16672,-0.16147,-0.14131,-0.10615
-0.022379,0.019927,0.068268,0.044588,0.045751,0.026715,0,0,0.20705,0.27628,0.31183,0.34819,0.30677,0.28103,0.35396,0.44524,0.56616,0.60242,0.54586,0.44662,0.35175,0.27947,0.18134,0.1009,0.033964,-0.058073,-0.1558,-0.20229,-0.21183,-0.19109,-0.15817,-0.12771
-0.033741,0.030968,0.085481,0.079419,0.10946,0,0,0,0,0.28807,0.33367,0.35607,0.33324,0.30963,0.37933,0.47893,0.59617,0.62307,0.56983,0.46728,0.34506,0.23424,0.1556,0.11068,0.053616,-0.041803,-0.15481,-0.2211,-0.24509,-0.22079,-0.17326,-0.12007
-0.10826,0.031818,0.12186,0.10682,0.15498,0,0.15412,0.20266,0,0.28524,0.32689,0.37644,0.35672,0.32001,0.36806,0.49307,0.62241,0.65822,0.61584,0.51428,0.38204,0.26702,0.17968,0.12499,0.066815,-0.021814,-0.12301,-0.22093,-0.26766,-0.23911,-0.16909,-0.11659
-0.13269,-0.0094511,0.095753,0.089623,0.081453,0.092621,0.11869,0.16142,0,0,0.28418,0.36821,0.37046,0.3246,0.35091,0.48446,0.62614,0.69709,0.68318,0.57575,0.44724,0.32623,0.22745,0.15582,0.081293,0.0041415,-0.07748,-0.2,-0.2729,-0.23483,-0.15293,-0.084445
-0.19797,-0.045431,0.045018,0.077088,0.074682,0.086168,0.10086,0.12076,0,0,0,0.3269,0.36719,0.32696,0.34464,0.45533,0.60128,0.70728,0.7238,0.65262,0.54969,0.39056,0.2745,0.20807,0.13214,0.038769,-0.059611,-0.18553,-0.27569,-0.23976,-0.13268,-0.066234
0,0,0.026547,0.094418,0.10601,0.086487,0.088508,0.10826,0.0958,0.096686,0.19436,0,0.35668,0.32206,0.33767,0.42576,0.53922,0.68515,0.73538,0.69836,0.61531,0.476,0.32233,0.25661,0.18208,0.064478,-0.057764,-0.19227,-0.2917,-0.28511,-0.16837,-0.077368
0.12939,0,0,0.108,0.13633,0.1131,0.11474,0.12025,0.099444,0.069834,0.12388,0,0.36005,0.3677,0.3689,0.41367,0.48233,0.66378,0,0.78929,0.67036,0.54474,0.4338,0.36143,0.25521,0.12686,-0.020664,-0.16395,-0.28234,-0.31329,-0.2113,-0.10626
0.095889,0.1203,0.12112,0.13012,0.13121,0.10937,0.10004,0.087796,0.065394,0.077406,0.13352,0.2401,0.32465,0.34229,0.34236,0,0,0,0,0,0,0.70738,0.58258,0.46621,0.35916,0.2116,0.046947,-0.070096,-0.19282,-0.27369,-0.22052,-0.13662
0.12421,0.10597,0.10084,0.11072,0.12186,0.10643,0.10269,0.079367,0.058863,0.081496,0.13428,0,0,0,0,0,0,0,0,0,0,0,0.6266,0.59531,0.45521,0.30568,0.14939,0.035233,-0.075503,-0.17227,-0.17927,-0.13329
0.06601,0.045791,0.060978,0.089886,0.13186,0.1211,0.10366,0.069851,0.049373,0.070054,0,0,0,0,0,0,0,0,0,0,0,0,0,0,0.5115,0.39352,0.25128,0.12189,0.030401,-0.046681,-0.07294,-0.065156
0.06176,0.075498,0.095973,0.12134,0.15236,0.14211,0.10113,0.077467,0.044692,0.061137,0,0,0,0,0,0,0,0,0,0,0,0,0,0,0,0.44091,0.28855,0.16349,0.090101,0.06311,0.044459,0.024138
0.045429,0.078514,0.11153,0.13379,0.15176,0.14881,0.10496,0.086464,0.051914,0.02469,0,0,0,0,0,0,0,0,0,0,0,0,0,0,0,0.4517,0.33684,0.2381,0.20779,0.21381,0.18179,0
0.073221,0.10261,0.14245,0.15147,0.14377,0.13914,0.11525,0.097582,0.060154,0.0286,0,0,0,0,0,0,0,0,0,0,0,0,0,0,0,0,0,0,0,0,0,0
0.11031,0.15087,0.16855,0.16102,0.15061,0.14309,0.11713,0.099307,0.070407,0.030209,0,0,0,0,0,0,0,0,0,0,0,0,0,0,0,0,0,0,0,0,0,0
0.1192,0.16382,0.17024,0.14816,0.14337,0.14051,0.11804,0.088937,0.062636,0.040379,0.064673,0,0,0,0,0,0,0,0,0,0,0,0,0,0,0,0,0,0,0,0,0
0.095372,0.14037,0.13281,0.11326,0.12968,0.12704,0.11194,0.089555,0.057418,0.036304,0,0,0,0,0,0,0,0,0,0,0,0,0,0,0,0,0,0,0,0,0,0
0.076327,0.10755,0.098892,0.089657,0.11167,0.11491,0.10373,0.089309,0.074685,0.046924,0.078051,0,0,0,0,0,0,0,0,0,0,0,0,0,0,0,0,0,0,0,0,0
0.04849,0.079723,0.083801,0.089622,0.10034,0.10563,0.096759,0.093604,0.084561,0.066815,0.064907,0.068038,0,0,0,0,0,0,0,0,0,0,0,0,0,0,0,0,0,0,0,0
0.022055,0.047741,0.06098,0.077299,0.089736,0.084313,0.092603,0.098727,0.092788,0.085526,0.052907,0.040783,0,0,0,0,0,0,0,0,0,0,0,0,0,0,0,0,0,0,0,0
0.011103,0.027389,0.031206,0.035559,0.050909,0.071272,0.10142,0.11076,0.098094,0.082149,0.048658,0.016542,0.024826,0,0,0,0,0,0,0,0,0,0,0,0,0,0,0,0,0,0,0
0.0074134,0.0093115,0.0044633,0.0051245,0.026342,0.066928,0.10126,0.11766,0.11088,0.07443,0.052107,0.021413,0.014372,0,0,0,0,0,0,0,0,0,0,0,0,0,0,0,0,0,0,0
-0.0048589,-0.017406,-0.029763,-0.023599,0.0082612,0.05141,0.08948,0.105,0.10466,0.082672,0.048175,0.02836,-0.0019944,0,0,0,0,0,0,0,0,0,0,0,0,0,0,0,0,0,0,0
0.0013481,-0.026278,-0.031956,-0.0099687,0.013235,0.05071,0.090218,0.10514,0.11914,0.10581,0.070812,0.034343,-0.010439,-0.030447,-0.052437,0,0,0,0,0,0,0,0,0,0,0,0,0,0,0,0,0
-0.024198,-0.043512,-0.029792,-0.0013505,0.020717,0.056276,0.082677,0.10052,0.11285,0.099957,0.063844,0.043526,0.019503,-0.020838,-0.041977,-0.026682,0,0,0,0,0,0,0,0,0,0,0,0,0,0,0,0.28622
-0.074096,-0.050584,-0.038315,-0.020724,0.012123,0.059593,0.10191,0.10587,0.10863,0.087033,0.079784,0.054239,0.040704,0.0066208,-0.020642,-0.01906,0,0,0,0,0,0,0,0,0,0,0,0,0,0.22766,0.23272,0.23667
-0.10411,-0.06062,-0.048985,-0.035115,0.012902,0.06971,0.12195,0.1374,0.14682,0.099288,0.071314,0.066959,0.041164,0.013098,-0.0092731,-0.011005,-0.05631,0,0,0,0,0,0,0,0,0,0,0,0.22333,0.24677,0.23487,0.24146
-0.11693,-0.059022,-0.045902,-0.013396,0.044107,0.10641,0.15374,0.19114,0.18998,0.1468,0.10271,0.082029,0.054724,0.026566,0.0011345,-0.028127,-0.059776,0,0,0,0,0,0,0,0,0,0,0,0.27228,0.27196,0.29385,0.31345
-0.091623,-0.057344,-0.027529,0.016674,0.068747,0.11759,0.17591,0.21935,0.22359,0.19524,0.14206,0.11856,0.075652,0.029366,0.00042756,-0.033337,-0.076094,-0.055191,0,0,0,0,0,0,0,0,0,0.31467,0.29992,0.29154,0.3167,0.34296
-0.07526,-0.047191,-0.0051803,0.049179,0.097345,0.13129,0.18319,0.22922,0.22914,0.18637,0.13235,0.09397,0.035827,-0.0059701,-0.01984,-0.04585,-0.070028,-0.048824,0,0,0,0,0,0,0,0.26111,0.26823,0.2918,0.31465,0.31639,0.31097,0.33993
-0.095777,-0.0463,0.0045874,0.066118,0.1237,0.15932,0.19692,0.2376,0.23101,0.168,0.10525,0.056879,0.0093468,-0.017426,-0.035081,-0.072777,-0.078772,-0.052802,0,0,0,0,0.14773,0.17365,0.19825,0.22766,0.26607,0.31091,0.34958,0.35315,0.33793,0.36936
-0.11617,-0.051648,0.017592,0.090845,0.15106,0.17703,0.18915,0.22855,0.22966,0.17696,0.087989,0.020983,-0.017213,-0.029073,-0.046919,-0.09589,-0.11371,-0.092395,-0.063713,0,0,0.075065,0.091211,0.14861,0.19468,0.25028,0.30321,0.34477,0.37575,0.37887,0.34292,0.34017
-0.1111,-0.043384,0.029827,0.10343,0.17119,0.19946,0.20842,0.21801,0.22354,0.18053,0.10184,0.028622,-0.017086,-0.028688,-0.06736,-0.13105,-0.14313,-0.12626,-0.095218,-0.048589,0.0058269,0.027775,0.039015,0.10075,0.16608,0.24127,0.309,0.37085,0.40792,0.41936,0.36398,0.34249
-0.098174,-0.037276,0.035274,0.12338,0.19335,0.22346,0.21969,0.21077,0.20755,0.17151,0.11825,0.043815,-0.029084,-0.060194,-0.10373,-0.16545,-0.16375,-0.14656,-0.13588,-0.095751,-0.029645,0.0023787,0.021896,0.067621,0.14612,0.23019,0.31667,0.38356,0.43207,0.44107,0.38387,0.33433
-0.082449,-0.031286,0.054231,0.1373,0.20414,0.23919,0.22482,0.20279,0.17814,0.13481,0.10232,0.046782,-0.035346,-0.082548,-0.14851,-0.1971,-0.19018,-0.18773,-0.18378,-0.13983,-0.053343,-0.0051359,0.032148,0.079926,0.15425,0.22824,0.30681,0.36907,0.41578,0.42313,0.36248,0.31191
-0.068472,0.0048539,0.087252,0.16352,0.21851,0.22826,0.21081,0.18715,0.14282,0.11335,0.085082,0.040957,-0.031367,-0.095253,-0.16907,-0.23014,-0.22988,-0.22798,-0.23679,-0.16906,-0.091698,-0.016529,0.053182,0.10398,0.164,0.21242,0.26197,0.32452,0.37719,0.39887,0.33737,0.28377
-0.030175,0.064195,0.14497,0.20687,0.22297,0.20396,0.19049,0.16928,0.13847,0.10957,0.084731,0.02917,-0.053009,-0.11023,-0.19815,-0.26948,-0.27926,-0.27031,-0.26956,-0.20646,-0.12749,-0.039222,0.054659,0.12082,0.15637,0.18732,0.22085,0.28189,0.34488,0.36349,0.30958,0.26783
0.031661,0.11112,0.18192,0.23475,0.23887,0.1974,0.1653,0.13144,0.11024,0.099832,0.063824,0.0039702,-0.081779,-0.15941,-0.23637,-0.31762,-0.33527,-0.33068,-0.30553,-0.23826,-0.17322,-0.073836,0.017842,0.11037,0.16084,0.18593,0.21485,0.26111,0.31024,0.3167,0.28076,0.23905
0.09201,0.14783,0.21076,0.2495,0.24714,0.20885,0.14175,0.086176,0.063536,0.05372,0.017763,-0.053176,-0.14164,-0.20412,-0.30077,-0.37055,-0.38943,-0.38603,-0.34911,-0.28102,-0.23199,-0.12756,-0.02671,0.073204,0.15044,0.18088,0.22171,0.26653,0.28264,0.26893,0.23242,0.2012
0.11772,0.15732,0.2125,0.24631,0.24485,0.21173,0.14034,0.061848,0.038683,0.037953,0.019644,-0.056086,-0.13416,-0.21651,-0.33319,-0.4238,-0.44966,-0.42121,-0.37542,-0.32243,-0.24585,-0.15005,-0.077273,0.025436,0.10406,0.14,0.19471,0.25052,0.25838,0.22268,0.19239,0.18583
0.16692,0.20673,0.23127,0.25026,0.24379,0.19156,0.1267,0.075979,0.062408,0.056227,0.031521,-0.050266,-0.13674,-0.21613,-0.32532,-0.45395,-0.48979,-0.43208,-0.40371,-0.38528,-0.31377,-0.17434,-0.079457,-0.0019211,0.068258,0.11265,0.15261,0.18924,0.21222,0.20126,0.20452,0.19923
0.20409,0.22707,0.23884,0.28471,0.2824,0.17509,0.040884,0.04827,0.07136,0.060007,0.019881,-0.062778,-0.12469,-0.19821,-0.30067,-0.43262,-0.49654,-0.46197,-0.43367,-0.40545,-0.32407,-0.17527,-0.073866,-0.011705,0.053449,0.097165,0.1297,0.16325,0.17709,0.19422,0.19419,0.18743
0.21012,0.25011,0.25545,0,0,0,0,0,0,0,-0.0023378,-0.075993,-0.14166,-0.21872,-0.32432,-0.44196,-0.49059,-0.47485,-0.44718,-0.38635,-0.28255,-0.18178,-0.088575,-0.027784,0.032094,0.081549,0.13198,0.14495,0.14785,0.16182,0.17333,0.16951
0.18638,0.25776,0,0,0,0,0,0,0,0,0,0,-0.13768,-0.22913,-0.34163,-0.4588,-0.49459,-0.48879,-0.46192,-0.38005,-0.26375,-0.18099,-0.10678,-0.05061,0.0039694,0.051204,0.09663,0.10164,0.10231,0.12684,0.14288,0.13611
0.20493,0,0,0,0,0,0,0,0,0,0,0,-0.17893,-0.25539,-0.36681,-0.49773,-0.5251,-0.4877,-0.45624,-0.38498,-0.28347,-0.17984,-0.1145,-0.083325,-0.030991,0.017887,0.047594,0.05766,0.069292,0.10712,0.10248,0.088567
0,0,0,0,0,0,0,0,0,0,0,0,0,-0.27049,-0.38065,-0.50606,-0.53458,-0.48891,-0.43745,-0.36835,-0.29092,-0.19377,-0.10943,-0.085633,-0.055012,-0.01003,0.014828,0.010511,0.021448,0.048653,0.065116,0.058917
0,0,0,0,0,0,0,0,0,0,0,0,0,0,-0.38983,-0.49365,-0.53777,-0.50246,-0.44868,-0.34724,-0.25789,-0.20443,-0.13896,-0.073009,-0.045488,-0.029994,-0.026,-0.036781,-0.017434,0.027558,0.03633,0.031635
0,0,0,0,0,0,0,0,0,0,0,0,0,-0.30658,-0.38565,-0.4963,-0.55653,-0.52081,-0.4574,-0.33877,-0.2663,-0.2031,-0.15022,-0.070411,-0.021107,-0.020526,-0.047027,-0.073098,-0.049443,-0.002198,0.0059924,-0.00041819
0,0,0,0,0,0,0,0,0,0,0,0,0,-0.31529,-0.38399,-0.49166,-0.56307,-0.53997,-0.46162,-0.3625,-0.27726,-0.21464,-0.15095,-0.06829,-0.025344,-0.022837,-0.051509,-0.088708,-0.092646,-0.050433,-0.02158,-0.013334
0,0,0,0,0,0,0,0,0,0,0,0,0,-0.3251,-0.36942,-0.46286,-0.54679,-0.52996,-0.45543,-0.36531,-0.31349,-0.23646,-0.14978,-0.077971,-0.049057,-0.025714,-0.04565,-0.090363,-0.11247,-0.097035,-0.047554,-0.050958
