0
1.875
3.75
5.625
7.5
9.375
11.25
13.125
15
16.875
18.75
20.625
22.5
24.375
26.25
28.125
30
31.875
33.75
35.625
37.5
39.375
41.25
43.125
45
46.875
48.75
50.625
52.5
54.375
56.25
58.125
60
61.875
63.75
65.625
67.5
69.375
71.25
73.125
75
76.875
78.75
80.625
82.5
84.375
86.25
88.125
90
91.875
93.75
95.625
97.5
99.375
101.25
103.12
105
106.88
108.75
110.62
112.5
114.38
116.25
118.12
120
121.88
123.75
125.62
127.5
129.38
131.25
133.12
135
136.88
138.75
140.62
142.5
144.38
146.25
148.12
150
151.88
153.75
155.62
157.5
159.38
161.25
163.12
165
166.88
168.75
170.62
172.5
174.38
176.25
178.12
180
181.88
183.75
185.62
187.5
189.38
191.25
193.12
195
196.88
198.75
200.62
202.5
204.38
206.25
208.12
210
211.88
213.75
215.62
217.5
219.38
221.25
223.12
225
226.88
228.75
230.62
232.5
234.38
236.25
238.12
240
241.88
243.75
245.62
247.5
249.38
251.25
253.12
255
256.88
258.75
260.62
262.5
264.38
266.25
268.12
270
271.88
273.75
275.62
277.5
279.38
281.25
283.12
285
286.88
288.75
290.62
292.5
294.38
296.25
298.12
300
301.88
303.75
305.62
307.5
309.38
311.25
313.12
315
316.88
318.75
320.62
322.5
324.38
326.25
328.12
330
331.88
333.75
335.62
337.5
339.38
341.25
343.12
345
346.88
348.75
350.62
352.5
354.38
356.25
358.12
