0.0014286,0.0013396,0.0016314,0.0012512,0.0013171,0.0019591,0.0031296,0.0029351,0.0062092,0.0002354,0.00025999,8.2978e-05,0.00064779,0.00017447,1.3043e-06,2.1809e-05,6.3193e-06,4.8633e-06,4.2231e-05,6.5136e-05,2.6585e-05,9.142e-06,3.8905e-06,4.4945e-06,2.2009e-06,7.7723e-06,3.7168e-05,9.3974e-05,0.00015374,0.00014244,7.806e-05,2.6469e-05
0.0017537,0.0024563,0.0050017,0.0032098,0.0013543,0.0022728,0.005221,0.0032323,0.0049731,0.0075405,0.0002545,0.00010313,1.7741e-05,0.00060371,0.00031617,6.4863e-05,1.3586e-05,3.2413e-05,7.4143e-06,3.1142e-05,2.4829e-05,5.8363e-06,3.7275e-06,8.1839e-06,2.7632e-06,2.6116e-06,2.5156e-05,7.6621e-05,0.00014471,0.00015844,0.00010699,4.9261e-05
0.0010109,0.0026574,0.012191,0.010848,0.0053134,0.0083461,0.011447,0.0096657,0.0056393,0.0037849,0.0015995,0.00010171,7.4556e-05,5.3105e-05,2.998e-05,5.9523e-06,2.799e-07,1.3413e-05,0.00010971,1.0519e-05,1.6258e-05,3.4903e-06,6.2393e-06,1.0389e-05,1.9058e-06,2.8745e-06,2.4338e-05,7.2204e-05,0.00013501,0.00015905,0.00012576,7.5144e-05
0.003112,0.011034,0.028049,0.028568,0.017236,0.0011571,0.0013362,0.015159,0.0052294,0.0058754,0.0046882,0.000182,0.00018649,0.00010178,2.7394e-05,4.7062e-06,5.0735e-07,3.4207e-06,9.3218e-07,0.00024851,1.7301e-05,7.9274e-06,1.3691e-05,1.582e-05,3.9604e-06,5.2849e-06,2.4337e-05,7.2623e-05,0.00013704,0.00016349,0.00013864,9.5051e-05
0.0055673,0.01552,0.04292,0.014424,0.032246,0.0019548,0.0022396,0.00094258,0.0044734,0.012805,0.00050711,0.00050136,0.00022036,3.0919e-05,6.7323e-07,1.353e-07,2.1088e-06,6.1121e-06,3.1247e-06,1.4118e-05,2.9625e-05,2.3441e-05,2.5894e-05,2.2333e-05,7.4185e-06,9.1908e-06,2.4689e-05,6.6262e-05,0.00014171,0.00018736,0.00015542,9.8596e-05
0.0039228,0.019592,0.013321,0.024416,0.014016,0.0014874,0.0020893,0.0014197,0.00097806,0.0010994,0.0010424,0.00049587,6.9112e-05,1.2193e-07,2.1088e-06,7.1815e-05,4.5099e-05,3.3557e-06,3.5064e-06,1.9731e-05,3.697e-05,4.8023e-05,4.0585e-05,2.4805e-05,8.9658e-06,1.6365e-05,2.8178e-05,4.6368e-05,9.8421e-05,0.00016335,0.00013297,6.2119e-05
0.002167,0.0058341,0.0084478,0.018946,0.007029,0.0012396,0.0017473,0.0014695,0.0012494,0.0010883,0.00061414,0.00013423,4.6688e-07,7.005e-06,0.00020146,7.1603e-05,2.802e-05,1.0494e-05,2.4357e-06,2.0494e-05,5.0331e-05,6.6149e-05,4.7266e-05,2.078e-05,6.3068e-06,1.9365e-05,2.8963e-05,2.7441e-05,4.0474e-05,8.3545e-05,6.7739e-05,1.219e-05
0.0020481,0.0036003,0.0089694,0.0059238,0.00097117,0.0015553,0.0017108,0.0012264,0.00080803,0.00045967,0.00019007,1.9193e-05,6.2403e-06,8.2513e-06,0.00012583,5.9072e-05,3.832e-05,1.1665e-05,2.0264e-06,3.2064e-05,6.4032e-05,5.6803e-05,2.6905e-05,8.2464e-06,1.7339e-06,2.1399e-05,2.8006e-05,1.9744e-05,0.00032668,0.00051587,0.00073975,9.0588e-06
0.00083025,0.0017343,0.0043695,0.011379,0.0013369,0.0014791,0.0013117,0.00079678,0.00033424,0.00012012,6.0814e-05,9.5837e-06,5.9039e-06,0.00013765,1.116e-05,3.5241e-05,4.205e-05,3.432e-05,9.1687e-06,6.3194e-05,7.7049e-05,3.2158e-05,5.9063e-06,2.8968e-07,6.1832e-06,3.9099e-05,4.9661e-05,0.00044089,0.00050724,0.00053669,0.00065932,0.00050313
0.0010419,0.0046417,0.0083961,0.0010835,0.0010386,0.000862,0.00084527,0.00049636,0.00011969,2.6234e-05,2.7154e-05,1.359e-05,4.3026e-06,2.8332e-05,3.1128e-08,2.3315e-05,9.9045e-07,1.5324e-06,2.5398e-05,0.00011721,0.00010255,1.9112e-05,7.0552e-07,2.3213e-06,1.1379e-05,4.7139e-05,6.6185e-05,0.00051465,0.0004002,0.00029703,0.00018223,0.00019499
0.0028743,0.010242,0.0011149,0.001411,0.00084402,0.00070394,0.00085128,0.00045919,8.0438e-05,1.667e-05,2.5482e-05,2.1784e-05,8.1324e-06,1.3469e-06,5.9298e-07,1.9297e-06,3.0669e-06,5.1229e-05,2.522e-05,0.00013254,0.00012991,2.2643e-05,9.9816e-06,8.6331e-06,1.1307e-05,3.5489e-05,0.00043048,0.00042002,0.00043189,0.00020933,7.2489e-05,2.9615e-05
0.00075783,0.0015114,0.0021316,0.0016513,0.0010129,0.00096952,0.0010066,0.00044965,8.2141e-05,2.4761e-05,3.5983e-05,3.0835e-05,1.5843e-05,8.2813e-06,6.3802e-06,1.1502e-05,7.7197e-06,5.1893e-05,1.5994e-05,0.0001083,0.00013255,2.8393e-05,2.4007e-05,1.1211e-05,7.5672e-06,1.7261e-05,0.00019612,0.00047627,0.00064292,0.00060292,0.00029608,0.00012819
0.0016613,0.0024274,0.0022577,0.0014947,0.0011449,0.0011857,0.0009253,0.00036856,9.8482e-05,3.9414e-05,2.67e-05,1.5231e-05,1.0804e-05,1.3776e-05,2.1437e-05,3.1194e-05,1.9986e-05,4.852e-06,1.6082e-05,0.00010206,0.00013491,3.1889e-05,2.4819e-05,6.5415e-06,1.7452e-06,3.4384e-05,7.9188e-05,0.00025026,0.00052414,0.00095101,0.00060999,0.00018941
0.001581,0.0018154,0.0014353,0.0010185,0.00097678,0.00096488,0.00064659,0.00027741,9.2157e-05,2.3525e-05,2.1486e-06,0.00012586,0.00027576,1.785e-05,4.3138e-05,4.8434e-05,2.2814e-05,5.1225e-06,2.8317e-05,0.00011227,0.00011186,2.9425e-05,9.9517e-06,1.0796e-06,3.2257e-05,8.2761e-05,6.3143e-05,0.00014437,0.0003262,0.00073433,0.0004732,0.00020077
0.00088341,0.00087421,0.0007061,0.00062452,0.00067972,0.00062904,0.00039595,0.00017463,5.5341e-05,7.2939e-06,9.0525e-06,1.552e-05,2.3352e-05,4.9711e-05,6.7608e-05,5.1103e-05,1.6303e-05,9.6716e-06,5.1165e-05,9.249e-05,5.1511e-05,1.4777e-05,2.4023e-06,4.6924e-07,0.0002078,0.0003196,9.4041e-05,6.1615e-05,0.00010519,0.00026088,0.00012224,8.2929e-05
0.00039911,0.00038388,0.00035715,0.00037806,0.00043414,0.00036914,0.0001966,6.9464e-05,1.761e-05,9.9032e-06,3.5417e-05,5.6684e-05,6.088e-05,6.3697e-05,6.1468e-05,4.1989e-05,1.233e-05,5.2485e-06,4.0062e-05,5.6915e-05,1.9593e-05,5.1095e-06,8.4539e-07,9.0051e-07,0.00034167,0.00053832,0.00012639,2.9658e-05,1.089e-06,4.2271e-05,4.3897e-05,3.9244e-05
0.00021771,0.0002207,0.00022652,0.00025482,0.00027194,0.0001992,8.6664e-05,1.8404e-05,1.2411e-06,1.6938e-05,4.6397e-05,5.5451e-05,4.1522e-05,3.7678e-05,3.8741e-05,2.4789e-05,6.9063e-06,5.9522e-07,2.1298e-05,4.3227e-05,1.7871e-05,4.3846e-06,5.2827e-05,0.00011286,0.00044925,0.00046061,0.00018741,5.3006e-05,3.1263e-05,8.764e-06,2.8642e-05,1.2676e-05
0.00020074,0.00018842,0.00019106,0.00021617,0.00019309,0.00012271,4.8202e-05,7.6011e-06,4.5285e-06,2.5504e-05,4.4695e-05,3.6186e-05,2.0441e-05,2.0927e-05,2.5781e-05,1.2014e-05,2.7597e-05,6.2871e-05,1.6046e-05,4.1434e-05,2.6111e-05,9.4827e-06,0.0001585,0.00019459,0.00052421,0.00051309,0.00037283,0.0001709,5.3663e-05,4.0914e-06,9.3229e-06,1.0742e-05
0.00021818,0.00018037,0.00018408,0.0001948,0.00015424,8.8177e-05,3.5531e-05,1.3996e-05,2.1088e-05,3.4836e-05,3.751e-05,2.3905e-05,1.4237e-05,1.725e-05,2.1761e-05,1.0719e-05,1.0858e-06,2.309e-07,8.8833e-06,3.023e-05,2.3116e-05,1.5114e-05,0.00030376,0.00027731,0.00049938,0.00081685,0.0006506,0.00031158,8.3372e-05,7.5995e-06,2.8455e-07,7.5654e-06
0.00020467,0.00017261,0.00016525,0.0001564,0.00010927,6.0116e-05,3.2578e-05,2.7576e-05,4.2412e-05,4.5706e-05,3.6199e-05,2.2952e-05,1.7322e-05,2.0556e-05,2.2613e-05,1.5656e-05,3.2289e-06,7.9698e-06,0.00019851,1.713e-05,1.8464e-05,1.2681e-05,8.7829e-06,2.9373e-06,0.00027057,0.000725,0.00054352,0.00038112,7.8448e-05,4.5612e-05,1.743e-05,1.5022e-05
0.00016217,0.00016086,0.00013246,0.00010822,6.4218e-05,3.7823e-05,2.5059e-05,2.5072e-05,4.6792e-05,6.765e-05,6.3073e-05,4.2639e-05,3.1552e-05,3.1401e-05,2.8281e-05,2.7293e-05,1.0403e-05,3.9972e-05,0.00015757,0.00054336,1.3676e-05,1.1954e-05,2.7695e-05,1.2876e-05,3.1937e-06,0.0006116,0.00061253,0.00024352,0.00014613,6.8358e-05,4.9195e-05,6.7228e-05
0.00012116,0.00012325,8.4973e-05,6.3652e-05,3.2425e-05,2.0928e-05,1.2908e-05,1.0174e-05,3.3125e-05,9.529e-05,0.00013342,9.6859e-05,5.4585e-05,3.9318e-05,3.2283e-05,4.1907e-05,2.9209e-05,0.00015342,0.00015248,0.00056218,1.1689e-05,1.7039e-05,5.4582e-05,1.2398e-05,3.0956e-07,0.00040239,0.00039436,0.00012151,0.00018309,0.00020831,9.6475e-05,0.00011329
8.7476e-05,6.7919e-05,3.9341e-05,2.9974e-05,9.5932e-06,4.7899e-06,2.4888e-06,2.7798e-06,3.0076e-05,0.00011779,0.00020459,0.0001566,6.4705e-05,3.2786e-05,2.6513e-05,4.3642e-05,6.3821e-05,1.4694e-05,0.0001037,0.00054971,0.0016259,3.499e-06,0.00096061,0.00030826,6.5066e-05,0.00028294,0.00020286,0.0001306,0.00024853,0.00023495,0.00020714,0.00011856
5.8798e-05,3.4672e-05,1.9827e-05,1.5142e-05,3.0732e-06,7.5125e-07,2.9182e-06,1.0784e-05,4.4397e-05,0.00013522,0.00023474,0.00017718,5.6351e-05,2.0421e-05,1.4252e-05,2.8483e-05,9.0635e-05,6.7606e-05,0.00039795,0.00043372,7.2099e-05,4.9853e-05,2.1502e-05,3.1286e-05,0.00013798,0.00011758,0.00012561,0.00014461,0.00019717,0.00021198,0.00018274,0.00034238
4.3966e-05,2.3738e-05,1.3676e-05,8.8347e-06,1.9966e-06,4.57e-06,1.212e-05,2.7589e-05,7.5681e-05,0.00018018,0.00024422,0.00015037,3.6524e-05,1.047e-05,7.193e-06,1.4661e-05,8.0136e-05,0.00015436,4.1355e-05,0.00017838,5.5271e-05,0.00011082,2.3219e-05,1.0715e-05,1.8725e-05,9.1227e-06,3.2881e-05,0.00013146,0.0001741,0.00029886,0.00023351,0.00048566
4.3015e-05,2.2337e-05,1.0857e-05,3.7634e-06,1.052e-06,1.1833e-05,2.3949e-05,4.8012e-05,0.00012217,0.00023216,0.00022034,9.4999e-05,1.609e-05,7.225e-06,6.7721e-06,9.2324e-06,3.8975e-05,0.00014612,0.00014609,1.1721e-05,0.00048633,8.8726e-05,0.00011725,4.4996e-05,3.9707e-06,2.9568e-05,5.5825e-05,1.8097e-06,5.3941e-05,0.00018839,0.00016453,0.00043337
3.9392e-05,2.131e-05,9.5059e-06,1.0369e-06,4.3097e-06,2.2687e-05,4.1878e-05,7.3808e-05,0.00015282,0.00023029,0.00016233,5.1303e-05,8.103e-06,8.3284e-06,8.1989e-06,9.654e-06,2.0915e-05,7.1272e-05,0.00015467,5.6668e-05,5.4929e-06,7.5917e-05,0.00016038,0.00013317,2.9653e-05,1.7678e-05,1.5108e-05,4.2063e-06,6.2513e-05,0.00010164,0.0001209,0.00011442
3.2496e-05,1.8635e-05,1.1847e-05,6.198e-06,1.4292e-05,3.5905e-05,6.2958e-05,9.9476e-05,0.00015557,0.00018499,0.00011277,3.083e-05,6.996e-06,9.0838e-06,9.4123e-06,1.3816e-05,2.2495e-05,3.9893e-05,7.5644e-05,5.2726e-05,2.6989e-06,6.649e-05,0.00015437,0.00012083,4.542e-05,1.2962e-05,2.0612e-05,2.1299e-05,1.858e-05,1.6024e-05,2.1377e-05,9.6725e-05
3.1616e-05,2.0607e-05,1.6053e-05,1.86e-05,3.3901e-05,4.9393e-05,7.491e-05,0.00011954,0.00015626,0.00014273,7.5239e-05,1.8876e-05,7.9619e-06,1.0592e-05,1.1812e-05,1.9174e-05,2.8246e-05,3.3022e-05,3.98e-05,3.0808e-05,5.1953e-06,3.8134e-05,0.00010675,9.0974e-05,3.3185e-05,1.1678e-05,2.8402e-05,3.9073e-05,1.9034e-05,5.283e-06,5.508e-06,1.4293e-06
4.1018e-05,2.9731e-05,2.2411e-05,3.4366e-05,5.5778e-05,5.9906e-05,7.8219e-05,0.0001296,0.00015278,0.00011142,4.8081e-05,1.5129e-05,1.0936e-05,1.1569e-05,1.3053e-05,1.9566e-05,2.8596e-05,3.455e-05,3.9098e-05,3.1288e-05,7.5549e-06,2.1715e-05,8.2392e-05,8.7678e-05,3.24e-05,8.4612e-06,3.4035e-05,4.3073e-05,1.5426e-05,5.2559e-06,2.8017e-06,4.4203e-06
5.7115e-05,4.6283e-05,3.6579e-05,5.0748e-05,7.0986e-05,7.1467e-05,8.6735e-05,0.00013053,0.00013935,8.9106e-05,3.784e-05,2.3399e-05,1.62e-05,1.0702e-05,1.0815e-05,1.6067e-05,2.7387e-05,4.6947e-05,5.9396e-05,4.2835e-05,1.1068e-05,1.495e-05,8.6824e-05,0.00010142,4.2224e-05,4.8266e-06,2.4763e-05,3.8325e-05,2.0766e-05,7.5171e-06,2.9402e-06,1.2662e-05
7.2545e-05,6.203e-05,5.6745e-05,6.1809e-05,7.0355e-05,7.5985e-05,9.4753e-05,0.00012835,0.00012963,7.9081e-05,3.743e-05,3.8116e-05,2.6573e-05,1.3388e-05,1.0239e-05,1.373e-05,2.6694e-05,5.6112e-05,7.888e-05,5.7846e-05,1.8746e-05,3.7566e-06,7.3257e-05,0.00010381,5.4668e-05,9.8996e-06,4.4848e-06,2.1596e-05,2.7143e-05,1.8735e-05,8.4058e-06,1.6383e-05
8.3038e-05,7.2474e-05,7.37e-05,6.6755e-05,5.9759e-05,6.8115e-05,9.2776e-05,0.00012194,0.00012242,7.2958e-05,3.4853e-05,4.9277e-05,4.4544e-05,2.5104e-05,1.4955e-05,1.3148e-05,2.09e-05,4.2754e-05,7.0341e-05,6.8736e-05,3.2231e-05,4.2536e-07,3.6487e-05,8.8121e-05,6.5818e-05,2.5766e-05,2.9952e-06,3.4582e-06,2.1251e-05,3.0953e-05,2.6224e-05,3.4586e-05
8.978e-05,7.0782e-05,7.4346e-05,6.6926e-05,5.324e-05,5.77e-05,8.3499e-05,0.00012039,0.00012931,7.4546e-05,2.8165e-05,4.6126e-05,6.1992e-05,4.2679e-05,2.4283e-05,1.6262e-05,1.7788e-05,2.7284e-05,4.5277e-05,6.1575e-05,4.5173e-05,8.0958e-06,1.0681e-05,5.7621e-05,6.4126e-05,3.096e-05,1.3641e-05,3.6766e-06,1.0972e-05,2.8044e-05,3.876e-05,6.0959e-05
9.3137e-05,6.5286e-05,6.5768e-05,6.477e-05,5.1529e-05,4.8253e-05,7.4111e-05,0.00013406,0.00016885,0.00010265,2.4881e-05,2.9406e-05,6.9604e-05,5.9243e-05,3.785e-05,2.7165e-05,2.4126e-05,2.4003e-05,2.7547e-05,3.6125e-05,3.7383e-05,1.6797e-05,2.2166e-06,2.6293e-05,4.8468e-05,2.8188e-05,2.1398e-05,2.0511e-05,1.5126e-05,1.9734e-05,3.0601e-05,5.7677e-05
9.7058e-05,6.7081e-05,6.0128e-05,5.8958e-05,4.8321e-05,4.333e-05,7.6641e-05,0.00016433,0.00022338,0.00015951,3.7745e-05,8.9039e-06,6.2005e-05,6.6855e-05,5.2115e-05,4.2535e-05,3.4513e-05,2.4655e-05,1.7771e-05,1.608e-05,1.8962e-05,1.7113e-05,3.3674e-06,9.924e-06,3.7134e-05,3.1341e-05,3.044e-05,3.747e-05,2.1868e-05,1.5236e-05,2.0726e-05,3.7931e-05
0.00010377,7.2092e-05,5.593e-05,4.954e-05,4.3952e-05,4.745e-05,9.543e-05,0.0001867,0.00024124,0.00020423,6.9988e-05,7.2473e-07,4.2692e-05,6.1682e-05,6.181e-05,5.704e-05,4.3455e-05,2.5157e-05,1.221e-05,7.6974e-06,9.365e-06,1.3204e-05,4.4881e-06,3.387e-06,3.1494e-05,4.1195e-05,3.9008e-05,4.2269e-05,2.1186e-05,8.8176e-06,1.0134e-05,1.8173e-05
0.00011004,7.1696e-05,5.1731e-05,4.3776e-05,4.1076e-05,5.4901e-05,0.00011499,0.00019001,0.00022824,0.00021382,0.00010516,1.0301e-05,1.9323e-05,4.2878e-05,6.4519e-05,7.1952e-05,5.3584e-05,2.9587e-05,1.1502e-05,4.5326e-06,6.8494e-06,1.2915e-05,8.8156e-06,1.2572e-06,2.3536e-05,4.998e-05,5.3708e-05,4.6744e-05,2.0577e-05,6.1397e-06,3.9072e-06,5.7725e-06
0.00011276,6.8214e-05,4.918e-05,4.0589e-05,3.7535e-05,5.5841e-05,0.00011607,0.00018168,0.00021096,0.0002021,0.00012104,2.5982e-05,5.8081e-06,2.6599e-05,6.3645e-05,8.7255e-05,6.8232e-05,3.7918e-05,1.3173e-05,2.7104e-06,5.2633e-06,2.0202e-05,2.4473e-05,3.4848e-06,2.1726e-05,6.8365e-05,8.567e-05,6.0923e-05,2.4208e-05,7.852e-06,2.7572e-06,1.8879e-06
0.00011852,6.6784e-05,4.4864e-05,3.4558e-05,3.3782e-05,5.2931e-05,0.00010846,0.00016767,0.00018563,0.00017509,0.00012312,4.4059e-05,3.1483e-06,1.7292e-05,6.4049e-05,9.992e-05,8.525e-05,4.6739e-05,1.4457e-05,2.7178e-06,2.8961e-06,3.0289e-05,5.5674e-05,9.7648e-06,2.3125e-05,9.8658e-05,0.0001321,7.8731e-05,3.0195e-05,1.1916e-05,2.4986e-06,2.3319e-06
0.00013004,6.5963e-05,3.6759e-05,2.6477e-05,3.205e-05,5.7182e-05,0.00010899,0.000151,0.00014777,0.00013854,0.0001161,6.1202e-05,8.6818e-06,9.8301e-06,6.3347e-05,0.00010701,9.8603e-05,5.5005e-05,1.5552e-05,4.2487e-06,2.6163e-06,3.0263e-05,7.9994e-05,2.4774e-05,1.5734e-05,0.00011197,0.00017451,0.00010721,4.347e-05,1.7904e-05,3.4398e-06,6.3051e-06
0.00014484,6.3836e-05,2.7767e-05,1.7253e-05,2.6397e-05,5.93e-05,0.00010732,0.00013076,0.00012013,0.00011799,0.00011161,7.1821e-05,1.5786e-05,5.0998e-06,5.649e-05,0.0001045,0.00010237,5.7781e-05,1.5397e-05,5.9905e-06,5.9079e-06,2.0563e-05,6.3573e-05,4.1083e-05,1.0887e-05,0.00010909,0.00019498,0.00014745,7.1461e-05,2.716e-05,4.8184e-06,1.5307e-05
0.00015852,5.9174e-05,1.8895e-05,9.0701e-06,1.7667e-05,5.138e-05,9.7857e-05,0.0001134,0.00011388,0.00012754,0.00012484,8.3062e-05,2.0411e-05,3.3259e-06,4.9458e-05,9.5644e-05,9.3142e-05,4.8193e-05,1.4199e-05,8.5994e-06,1.1517e-05,1.378e-05,2.5536e-05,3.6053e-05,1.7403e-05,9.8304e-05,0.00018779,0.00017509,0.00010413,3.5963e-05,4.1729e-06,2.5174e-05
0.00017268,5.5223e-05,1.1053e-05,4.0725e-06,1.2488e-05,4.5075e-05,8.7212e-05,0.00010032,0.00011341,0.00014167,0.00014175,9.6267e-05,2.6225e-05,4.0321e-06,4.7321e-05,8.6361e-05,7.3472e-05,3.1264e-05,1.1996e-05,1.3169e-05,1.9251e-05,1.362e-05,2.7677e-06,1.284e-05,2.2045e-05,7.7192e-05,0.0001543,0.00017297,0.00012834,4.4668e-05,1.4546e-06,2.7503e-05
0.00018704,6.0416e-05,1.228e-05,3.598e-06,1.3093e-05,4.773e-05,8.3528e-05,9.1921e-05,0.00011277,0.00015062,0.00016321,0.00011829,3.6049e-05,7.1528e-06,4.8218e-05,7.7751e-05,5.2366e-05,1.7606e-05,9.8321e-06,1.8296e-05,2.5526e-05,1.4273e-05,2.7e-06,6.7461e-06,2.1644e-05,6.0235e-05,0.00012312,0.00015496,0.00013723,5.8325e-05,6.0261e-07,2.3184e-05
0.00020214,7.9854e-05,2.5519e-05,9.1196e-06,1.8935e-05,5.5933e-05,8.3576e-05,8.4246e-05,0.0001127,0.00017167,0.00020723,0.00015878,5.187e-05,1.1476e-05,4.5486e-05,6.463e-05,3.4422e-05,1.0693e-05,1.1798e-05,2.1171e-05,2.6094e-05,1.0496e-05,7.4681e-06,2.0122e-05,2.7762e-05,5.4795e-05,0.00010193,0.00012438,0.00011755,6.4808e-05,7.3417e-06,2.0775e-05
0.00020396,9.0781e-05,3.8362e-05,1.7641e-05,2.728e-05,6.663e-05,8.3133e-05,7.0322e-05,9.8429e-05,0.00018974,0.00026206,0.00020558,7.361e-05,1.5982e-05,4.0059e-05,5.3509e-05,2.551e-05,1.046e-05,2.058e-05,2.3873e-05,1.9551e-05,4.8269e-06,1.1399e-05,3.2432e-05,3.5649e-05,5.024e-05,8.0629e-05,8.8903e-05,8.5653e-05,5.7567e-05,1.7609e-05,2.5858e-05
0.00018621,9.0181e-05,4.735e-05,2.9114e-05,4.0411e-05,8.3022e-05,8.3705e-05,5.2344e-05,7.3253e-05,0.00018688,0.00029914,0.00025811,0.0001043,1.9787e-05,3.1092e-05,4.2853e-05,2.3934e-05,1.4768e-05,2.5571e-05,2.3251e-05,1.1564e-05,3.4794e-06,1.3437e-05,2.8303e-05,3.1675e-05,4.307e-05,6.299e-05,6.5294e-05,6.8979e-05,5.5561e-05,2.8471e-05,3.4241e-05
0.00017699,0.00010313,6.462e-05,4.6629e-05,5.6221e-05,9.1802e-05,8.128e-05,4.2419e-05,6.136e-05,0.00018238,0.00033586,0.0003311,0.0001416,2.3558e-05,1.7926e-05,2.83e-05,2.3559e-05,2.0696e-05,2.3727e-05,2.2939e-05,1.3934e-05,7.5666e-06,1.0671e-05,1.7217e-05,2.6398e-05,4.3119e-05,5.9982e-05,5.7295e-05,5.98e-05,5.6288e-05,3.7368e-05,4.3108e-05
0.00019434,0.00013685,9.5456e-05,6.786e-05,6.6757e-05,7.9242e-05,6.5131e-05,4.0681e-05,6.7902e-05,0.00020515,0.00039449,0.00040098,0.00017489,3.0592e-05,6.8831e-06,1.1251e-05,1.6929e-05,2.2025e-05,2.1432e-05,2.6308e-05,2.3734e-05,1.2191e-05,8.2027e-06,1.3077e-05,2.701e-05,4.7529e-05,6.3456e-05,5.454e-05,4.9656e-05,4.6827e-05,3.6131e-05,4.6854e-05
0.00023052,0.00018062,0.0001316,8.6386e-05,6.8581e-05,5.7561e-05,4.1691e-05,3.4118e-05,8.0771e-05,0.00025429,0.00048451,0.0004829,0.00021844,4.387e-05,4.0644e-06,2.846e-06,1.0788e-05,2.1566e-05,2.2368e-05,3.1068e-05,3.1832e-05,1.5634e-05,7.7979e-06,1.3693e-05,2.5659e-05,4.1356e-05,5.9626e-05,5.1068e-05,4.3668e-05,3.9284e-05,3.3059e-05,4.7187e-05
0.00026558,0.00021946,0.0001567,9.0382e-05,5.9353e-05,3.8654e-05,2.2451e-05,1.9963e-05,8.6403e-05,0.00034046,0.00064791,0.00062766,0.00029694,6.7537e-05,5.9003e-06,8.0634e-07,9.1772e-06,2.4058e-05,2.9988e-05,4.5065e-05,4.4726e-05,1.958e-05,7.7054e-06,1.2768e-05,1.8351e-05,2.5959e-05,4.7229e-05,4.8079e-05,4.2e-05,3.5358e-05,2.8587e-05,4.0531e-05
0.00029458,0.00025076,0.00017055,7.8554e-05,3.8742e-05,2.2972e-05,1.0999e-05,1.0643e-05,0.00010453,0.00050315,0.00089,0.00079215,0.00038195,9.4928e-05,9.5069e-06,4.9672e-07,1.0415e-05,3.0582e-05,4.5301e-05,6.9275e-05,6.5067e-05,2.7948e-05,6.9639e-06,9.6384e-06,1.2627e-05,1.1848e-05,2.9281e-05,4.0632e-05,3.5035e-05,2.852e-05,2.0939e-05,2.9263e-05
0.00031251,0.00026181,0.00017196,6.1093e-05,2.3061e-05,1.4916e-05,5.44e-06,7.189e-06,0.0001414,0.00069662,0.0010838,0.00090545,0.00044533,0.00011432,1.0963e-05,1.9378e-06,1.4683e-05,3.8191e-05,5.925e-05,8.9147e-05,8.5659e-05,4.0254e-05,7.403e-06,5.5045e-06,9.0136e-06,5.0878e-06,7.913e-06,1.8294e-05,1.7671e-05,1.5801e-05,1.2434e-05,1.9173e-05
0.00031044,0.00023595,0.00015021,4.5539e-05,1.9964e-05,1.7648e-05,6.4866e-06,7.4839e-06,0.00018026,0.00081186,0.0011747,0.0010224,0.00052721,0.0001227,8.476e-06,9.6656e-06,2.6193e-05,4.539e-05,6.6573e-05,0.00010123,0.00010394,5.3197e-05,9.0735e-06,4.3054e-06,4.9171e-06,3.9775e-06,1.9719e-06,1.7353e-06,5.6371e-06,7.3025e-06,6.663e-06,1.1285e-05
0.00027782,0.00018802,0.00011356,3.8343e-05,2.7525e-05,3.3267e-05,1.8476e-05,1.929e-05,0.00023457,0.00083451,0.0011778,0.0011158,0.00058933,0.00012081,5.7231e-06,1.679e-05,3.7031e-05,5.0898e-05,7.0159e-05,0.00011246,0.00011958,6.2651e-05,9.1285e-06,7.2375e-06,1.4151e-06,2.5132e-06,7.3033e-06,2.6053e-06,2.0941e-06,5.8731e-06,4.7688e-06,7.2226e-06
0.00023892,0.00014781,8.0568e-05,3.4551e-05,3.343e-05,5.3895e-05,4.6695e-05,6.3577e-05,0.00033121,0.00084573,0.0011104,0.001075,0.00055622,0.00010461,3.5807e-06,1.0592e-05,2.9552e-05,4.626e-05,6.6643e-05,0.00011958,0.00013155,6.5368e-05,5.9254e-06,1.168e-05,1.778e-06,5.0076e-06,2.6804e-06,1.0495e-05,3.0603e-06,7.5632e-06,4.2563e-06,8.0108e-06
0.00019915,0.00012168,6.471e-05,3.3763e-05,3.8743e-05,7.1557e-05,8.1225e-05,0.00013019,0.00042812,0.00083082,0.001013,0.00096545,0.00048755,8.563e-05,2.0522e-06,4.9943e-06,1.8101e-05,3.5643e-05,6.2838e-05,0.00012489,0.00014341,6.6107e-05,1.9353e-06,1.1528e-05,3.9883e-06,1.5096e-05,2.2204e-06,2.3548e-05,6.252e-06,1.211e-05,5.3877e-06,1.1619e-05
0.00015106,9.034e-05,5.6143e-05,4.4001e-05,5.8996e-05,9.4412e-05,0.0001124,0.00018807,0.00046533,0.00077243,0.00093843,0.00089466,0.00044666,7.0865e-05,1.4429e-06,3.5785e-06,1.3623e-05,3.1631e-05,6.9743e-05,0.00014327,0.00016347,7.1444e-05,2.4175e-07,1.1563e-05,2.3516e-06,1.7525e-05,1.1403e-05,3.184e-05,8.5626e-06,2.1054e-05,9.905e-06,1.6217e-05
0.00010973,6.157e-05,5.0071e-05,6.341e-05,9.3519e-05,0.00012474,0.00014987,0.00023838,0.00045165,0.00068118,0.00085321,0.0008038,0.00037892,5.635e-05,1.4837e-06,2.2501e-06,1.3821e-05,3.6874e-05,8.6429e-05,0.00016881,0.00018862,8.3938e-05,8.0497e-07,1.4346e-05,1.0193e-07,8.238e-06,1.8392e-05,3.0776e-05,1.2706e-05,2.9699e-05,1.7243e-05,2.0315e-05
8.3963e-05,4.4754e-05,5.0109e-05,8.5654e-05,0.0001251,0.00014971,0.00018236,0.00026831,0.00042673,0.00060849,0.00076716,0.00068135,0.00029734,4.3467e-05,1.463e-06,1.6336e-06,1.7345e-05,4.4623e-05,9.8872e-05,0.00019257,0.00022751,0.00010692,5.2133e-06,1.8053e-05,6.5512e-06,3.4648e-06,2.275e-05,2.4306e-05,1.3379e-05,3.4311e-05,2.6172e-05,2.1796e-05
6.9093e-05,3.8327e-05,5.866e-05,0.00010841,0.00014774,0.0001625,0.00018546,0.00025786,0.00040033,0.00057531,0.00072089,0.00061987,0.00026369,3.9236e-05,1.5772e-06,3.7218e-06,2.5208e-05,5.6061e-05,0.00011777,0.0002364,0.00028961,0.00013425,1.0708e-05,2.5298e-05,2.5417e-05,2.4066e-05,3.6636e-05,1.9378e-05,1.1185e-05,3.1122e-05,3.1893e-05,2.184e-05
6.8789e-05,4.3413e-05,7.4435e-05,0.00012965,0.0001638,0.00016836,0.00016908,0.00022502,0.00036686,0.00053802,0.00067781,0.00061355,0.00027218,4.2321e-05,2.5348e-06,8.0229e-06,4.0149e-05,8.6834e-05,0.00016132,0.00029592,0.00034304,0.00015343,1.3538e-05,3.7828e-05,5.1699e-05,5.7734e-05,5.6024e-05,1.8827e-05,9.8842e-06,2.4534e-05,3.0111e-05,2.2356e-05
7.3898e-05,5.8927e-05,9.6609e-05,0.00014337,0.00016094,0.00015759,0.00014654,0.00019578,0.00033919,0.0004944,0.00062176,0.00058605,0.00025627,4.145e-05,5.6521e-06,1.9119e-05,6.9338e-05,0.0001295,0.0001996,0.00031762,0.00035255,0.0001697,1.2685e-05,5.0152e-05,8.6125e-05,0.00010222,8.3086e-05,2.4405e-05,9.3619e-06,1.8045e-05,2.3587e-05,1.9957e-05
7.4739e-05,7.8006e-05,0.00011467,0.00013568,0.00013096,0.00012487,0.00011922,0.00017374,0.0003219,0.00046647,0.0005779,0.00052556,0.00022117,4.0478e-05,1.3284e-05,4.3629e-05,0.00010556,0.00015156,0.00021163,0.00031435,0.00035341,0.00017967,9.2438e-06,5.172e-05,0.00012216,0.00015387,0.00011634,3.4736e-05,8.2053e-06,1.2849e-05,1.7612e-05,1.5056e-05
6.9302e-05,7.873e-05,0.00010498,0.00010598,9.2947e-05,8.6922e-05,8.8346e-05,0.00014217,0.00027837,0.0004247,0.00054799,0.0004849,0.00019465,3.8751e-05,2.0626e-05,5.9046e-05,0.00012005,0.00016476,0.00023479,0.00032358,0.00033359,0.00015272,5.5498e-06,4.3179e-05,0.00013544,0.00018579,0.00013991,4.6277e-05,9.655e-06,9.0068e-06,1.1659e-05,9.6081e-06
6.4979e-05,6.4788e-05,7.3796e-05,7.2494e-05,6.5096e-05,6.0232e-05,6.2875e-05,0.0001124,0.00023118,0.00037336,0.00051289,0.00045619,0.00017401,3.5853e-05,2.5068e-05,7.416e-05,0.00014487,0.0002065,0.00027199,0.00031476,0.000268,0.00010643,4.0467e-06,2.9817e-05,0.00011954,0.00017822,0.00014358,6.0636e-05,1.7147e-05,5.3331e-06,4.8658e-06,4.9575e-06
6.1881e-05,5.3695e-05,4.6855e-05,3.9953e-05,3.9078e-05,3.8842e-05,4.2419e-05,8.5573e-05,0.00019528,0.00032835,0.00045901,0.00041016,0.00015452,3.4014e-05,3.1618e-05,9.9242e-05,0.00018471,0.00024285,0.00028375,0.00028214,0.00022577,9.527e-05,7.4522e-06,1.993e-05,9.6627e-05,0.00015139,0.00014218,8.2162e-05,3.2911e-05,7.2062e-06,1.1351e-06,2.2534e-06
5.4083e-05,4.2498e-05,2.4855e-05,1.3656e-05,1.5389e-05,2.1282e-05,2.5775e-05,5.7469e-05,0.00015765,0.00029706,0.00041851,0.00036848,0.0001333,3.3991e-05,3.5523e-05,0.00010745,0.0002022,0.0002676,0.0002956,0.00027744,0.00023155,0.00011378,1.6168e-05,1.6877e-05,8.1362e-05,0.00012898,0.00013768,0.00010076,5.0288e-05,1.2857e-05,2.8884e-07,2.8186e-06
3.382e-05,2.2498e-05,8.8297e-06,2.8715e-06,2.9828e-06,1.0466e-05,1.7027e-05,3.8651e-05,0.00012377,0.0002606,0.00038775,0.00034635,0.00012114,3.4223e-05,3.7274e-05,0.00011054,0.00022648,0.00031489,0.00033012,0.00029626,0.00023939,0.00011943,2.2227e-05,1.7948e-05,7.1662e-05,0.00010961,0.00011854,9.8599e-05,5.818e-05,1.807e-05,7.2722e-07,5.0586e-06
1.403e-05,1.1355e-05,8.2366e-06,4.7473e-06,4.2042e-07,4.1041e-06,1.1666e-05,2.9105e-05,0.00010022,0.00022589,0.00035323,0.00032525,0.00011543,3.4442e-05,4.1303e-05,0.00013309,0.00028368,0.00036307,0.00035049,0.00031661,0.00025388,0.00012374,2.9069e-05,1.8604e-05,6.2577e-05,9.4087e-05,9.8103e-05,8.8228e-05,6.3155e-05,2.4844e-05,2.4483e-06,5.9672e-06
3.5381e-05,2.9967e-05,2.1885e-05,1.1557e-05,2.4545e-06,3.1468e-07,4.795e-06,2.022e-05,8.806e-05,0.00021393,0.00033901,0.00030295,0.00010962,3.3986e-05,4.4213e-05,0.00015098,0.00030368,0.00034704,0.00033875,0.00034721,0.00029603,0.00015169,4.0499e-05,1.8612e-05,5.5985e-05,8.7475e-05,9.2392e-05,8.839e-05,7.0918e-05,3.1609e-05,6.6391e-06,9.704e-06
0.00012229,6.098e-05,3.3007e-05,1.5062e-05,5.2555e-06,6.8974e-07,2.0743e-06,1.5831e-05,8.3346e-05,0.00022312,0.00034854,0.00027717,9.8134e-05,3.255e-05,4.3286e-05,0.00014554,0.00027893,0.00032335,0.00034567,0.00037103,0.00031355,0.00016863,4.8812e-05,1.8798e-05,5.0572e-05,8.3249e-05,9.3391e-05,9.1371e-05,7.282e-05,3.2156e-05,1.3905e-05,1.902e-05
0.00021618,7.5217e-05,2.9184e-05,1.183e-05,5.3983e-06,1.3592e-06,1.399e-06,1.4576e-05,8.2015e-05,0.00023151,0.000354,0.00024685,8.2373e-05,3.1058e-05,4.5192e-05,0.00014254,0.00028079,0.00035065,0.00037207,0.00036278,0.00030009,0.0001782,5.9884e-05,2.0993e-05,4.3321e-05,7.5276e-05,9.0454e-05,8.8617e-05,7.1073e-05,3.425e-05,2.195e-05,2.9102e-05
0.00018092,6.6254e-05,1.8225e-05,6.6029e-06,4.4222e-06,2.5398e-06,9.8013e-07,1.2906e-05,8.9674e-05,0.0002424,0.00034266,0.00021802,6.4025e-05,2.519e-05,4.4963e-05,0.00013889,0.00027151,0.00034271,0.00036353,0.00036095,0.00032633,0.00021583,7.7781e-05,2.3961e-05,3.4526e-05,6.4137e-05,8.5833e-05,9.0384e-05,7.7251e-05,4.3926e-05,3.1877e-05,3.6177e-05
6.4331e-05,3.214e-05,1.0666e-05,5.9975e-06,7.4046e-06,6.048e-06,2.5307e-06,1.5553e-05,0.00011608,0.00027178,0.00032635,0.00019551,5.3119e-05,1.837e-05,3.7931e-05,0.00012534,0.00023623,0.00029214,0.00034906,0.00040111,0.00038475,0.00024531,8.3858e-05,2.3216e-05,2.8426e-05,5.5956e-05,7.8257e-05,9.4087e-05,8.8132e-05,5.8737e-05,4.3847e-05,4.2146e-05
2.8264e-06,3.9204e-06,5.4603e-06,5.8627e-06,1.0926e-05,7.3542e-06,9.8565e-07,2.8199e-05,0.00015845,0.00029832,0.00029498,0.00017749,5.3107e-05,1.6345e-05,3.1234e-05,0.00011914,0.00022819,0.00029457,0.00038681,0.00044721,0.00040053,0.00024446,8.6205e-05,2.2669e-05,2.5475e-05,4.862e-05,6.4133e-05,8.392e-05,9.2425e-05,7.3316e-05,5.4607e-05,4.859e-05
5.2314e-05,5.7308e-06,4.0918e-06,9.2982e-07,6.7245e-06,3.5008e-06,2.2412e-06,5.4313e-05,0.00018776,0.00029169,0.00025574,0.00015142,4.8721e-05,1.5249e-05,2.1487e-05,9.9676e-05,0.00022422,0.00030917,0.00041206,0.00045687,0.00040022,0.00026596,0.00010595,2.776e-05,2.3407e-05,3.9392e-05,4.8885e-05,6.752e-05,8.6253e-05,8.1365e-05,6.3819e-05,5.3947e-05
0.00014156,0.00010437,4.0486e-06,6.4721e-07,1.689e-06,9.0666e-07,1.1222e-05,7.6772e-05,0.00019055,0.00027763,0.00024422,0.00013265,3.9029e-05,1.2004e-05,1.3754e-05,6.9882e-05,0.00018199,0.00027073,0.0003902,0.00046349,0.00044166,0.00030404,0.00011581,2.925e-05,2.1587e-05,3.0844e-05,4.0598e-05,5.9628e-05,7.8898e-05,7.9539e-05,7.2307e-05,6.1656e-05
0.00012013,9.4999e-05,7.618e-06,1.0727e-05,1.1536e-05,1.5075e-05,3.946e-05,0.00010442,0.00018196,0.00025446,0.00024438,0.0001349,3.6651e-05,1.0604e-05,1.123e-05,6.0145e-05,0.00015889,0.00025217,0.00039967,0.00050798,0.00047295,0.00028998,9.7634e-05,2.6107e-05,2.0398e-05,2.6754e-05,4.0433e-05,5.9531e-05,7.2619e-05,7.3625e-05,7.6852e-05,7.0935e-05
7.0995e-05,1.4466e-05,9.5947e-05,1.5884e-05,3.5981e-05,6.0475e-05,9.8802e-05,0.00013973,0.00015593,0.00017969,0.00019474,0.00012895,3.8414e-05,1.027e-05,8.3794e-06,4.4705e-05,0.00014471,0.0002658,0.00041522,0.00051515,0.00044189,0.00024992,8.6981e-05,3.1554e-05,2.5417e-05,2.9352e-05,4.0559e-05,5.5425e-05,6.2342e-05,6.3523e-05,6.7843e-05,6.2846e-05
0.00012434,5.4294e-05,2.5235e-05,7.3536e-05,2.7514e-05,6.3274e-05,9.9375e-05,0.00010513,9.4819e-05,0.00010072,0.00012599,0.00010265,3.2395e-05,8.4388e-06,4.9504e-06,2.5287e-05,0.00011914,0.00023951,0.00035898,0.00045124,0.00038732,0.00022189,9.4654e-05,4.5761e-05,3.5089e-05,3.3775e-05,3.6905e-05,4.7265e-05,5.5636e-05,5.596e-05,5.2252e-05,4.2384e-05
0.00036083,0.0001866,8.2264e-05,5.9173e-06,0.00016008,0.00068798,2.5314e-05,2.823e-05,3.5606e-05,5.9598e-05,8.867e-05,7.8368e-05,2.4553e-05,8.0324e-06,5.402e-06,1.8584e-05,0.0001021,0.00020157,0.00031335,0.00042046,0.00036012,0.00019296,9.2452e-05,5.4203e-05,3.994e-05,3.7544e-05,3.8171e-05,4.305e-05,5.1302e-05,5.0149e-05,3.7801e-05,2.3508e-05
0.00040412,0.00038597,0.00016949,7.919e-05,8.8123e-05,0.00010616,2.9746e-06,4.1245e-06,1.0103e-05,3.6854e-05,7.3541e-05,7.0096e-05,2.274e-05,9.7153e-06,7.5658e-06,2.0563e-05,0.00010562,0.00020561,0.00033284,0.00042768,0.000332,0.0001671,8.7297e-05,5.8828e-05,4.7613e-05,4.8894e-05,4.6472e-05,4.008e-05,3.9589e-05,3.4604e-05,2.2891e-05,1.1665e-05
0.00011718,0.00024768,0.00023873,0.00014407,0.00010297,5.2897e-05,2.5686e-05,5.7027e-07,2.6676e-06,1.8212e-05,6.137e-05,6.6885e-05,2.2586e-05,1.2102e-05,9.7158e-06,1.5383e-05,0.00010154,0.00020385,0.00032016,0.00035801,0.00025167,0.00013586,8.5706e-05,6.5951e-05,5.8205e-05,6.4861e-05,5.6493e-05,3.5644e-05,2.4391e-05,1.7634e-05,1.1992e-05,6.7816e-06
5.1917e-06,2.5874e-05,0.00010573,6.6869e-05,5.5281e-05,6.8361e-05,0.00010405,1.9692e-06,1.0097e-06,7.402e-06,4.8697e-05,6.2411e-05,2.3331e-05,1.5459e-05,1.1713e-05,1.3095e-05,9.2162e-05,0.00017836,0.00027298,0.0002793,0.00018445,0.00010773,7.0862e-05,5.476e-05,5.4596e-05,6.9159e-05,6.2869e-05,3.6409e-05,1.701e-05,7.6579e-06,6.9838e-06,5.8086e-06
7.4617e-05,1.9958e-05,9.3679e-06,1.5133e-06,9.5593e-07,9.5363e-05,0.00010752,0.00013246,2.6897e-06,6.3848e-06,3.7505e-05,5.6367e-05,2.7178e-05,2.0416e-05,1.4632e-05,1.5202e-05,9.2897e-05,0.00016174,0.00026354,0.0002837,0.0001768,9.0369e-05,5.0425e-05,3.858e-05,5.0324e-05,7.125e-05,6.436e-05,4.1972e-05,1.7967e-05,3.2959e-06,2.3919e-06,3.9171e-06
4.3792e-05,5.5429e-07,1.862e-06,2.7439e-06,8.8811e-06,7.084e-06,0.00014664,0.0003002,6.4259e-06,4.4663e-06,2.3193e-05,5.2074e-05,3.0841e-05,2.4312e-05,1.8928e-05,9.8119e-06,8.8251e-05,0.00014426,0.00023279,0.00026676,0.00016383,6.9809e-05,3.5614e-05,4.234e-05,7.1282e-05,8.3578e-05,6.4472e-05,4.767e-05,2.6671e-05,5.9861e-06,6.9992e-08,4.0826e-06
2.0304e-08,5.8101e-07,3.8214e-06,8.6481e-06,2.7864e-05,1.9866e-05,0.00059889,0.00034275,4.5126e-06,6.4487e-07,1.0738e-05,4.39e-05,3.2587e-05,2.7292e-05,2.393e-05,5.3652e-06,7.055e-05,0.00012243,0.00018377,0.00021281,0.00013439,5.0947e-05,2.6291e-05,4.8935e-05,9.9542e-05,0.00010484,7.4404e-05,5.9387e-05,4.3076e-05,1.4348e-05,2.4838e-06,9.9124e-06
3.5812e-06,6.9325e-06,7.5992e-06,1.0966e-05,2.1133e-05,1.9973e-05,0.0012781,0.00041704,1.3904e-06,1.3647e-06,3.0983e-06,3.1723e-05,3.943e-05,3.4861e-05,2.8091e-05,8.0331e-06,6.8167e-05,0.00013295,0.00017966,0.0002086,0.00014145,5.0132e-05,2.0538e-05,4.3804e-05,0.00010497,0.00013298,0.00010605,8.2722e-05,6.0832e-05,2.6593e-05,8.5495e-06,1.5084e-05
5.7054e-06,1.1601e-05,7.8473e-06,2.8924e-06,1.9761e-06,0.00073389,0.0021193,0.00076244,1.0843e-05,2.5856e-06,2.0194e-06,2.5694e-05,4.3594e-05,4.3324e-05,3.5082e-05,5.1239e-06,5.3981e-05,0.00011769,0.00016126,0.00022129,0.00018432,6.8574e-05,2.0181e-05,3.6321e-05,0.00011117,0.00016236,0.00013428,9.139e-05,6.9356e-05,4.772e-05,2.6555e-05,1.822e-05
4.9101e-06,1.3553e-05,6.6853e-06,4.4653e-07,2.1899e-06,0.00066851,6.9009e-05,3.0243e-05,2.5363e-06,3.6169e-07,5.8146e-06,2.5896e-05,3.8567e-05,4.1973e-05,4.0922e-05,4.9094e-06,2.4986e-05,8.3595e-05,0.00012892,0.00020155,0.00020814,8.9987e-05,2.6976e-05,4.3527e-05,0.00013164,0.00018076,0.00013702,8.5712e-05,7.1024e-05,7.2058e-05,5.9066e-05,3.5364e-05
1.1019e-05,1.8242e-05,1.0028e-05,5.7924e-06,8.4547e-06,2.3547e-05,7.4736e-05,2.8675e-05,4.0163e-05,1.3854e-05,1.1334e-05,2.5084e-05,3.962e-05,4.423e-05,4.3573e-05,1.0011e-05,2.0535e-05,9.2758e-05,0.00015144,0.00021835,0.00023461,0.00010397,2.7477e-05,3.4506e-05,0.00010652,0.0001566,0.00012736,8.578e-05,7.5861e-05,7.8571e-05,7.3004e-05,5.7308e-05
1.4103e-05,1.3601e-05,9.335e-06,8.0838e-06,8.5015e-06,1.1977e-05,4.1631e-05,3.0227e-05,0.00021166,0.00016961,0.00024513,1.4247e-05,3.6084e-05,5.4302e-05,5.5167e-05,1.3463e-05,2.2884e-05,0.00013088,0.00020542,0.00029111,0.00036916,0.00021332,5.4164e-05,2.1168e-05,4.2005e-05,8.453e-05,0.00010312,9.1411e-05,8.6891e-05,7.5469e-05,5.7146e-05,5.6664e-05
0.0001442,0.00022597,7.3267e-06,1.0754e-05,4.8298e-06,1.0033e-06,2.5542e-05,5.3135e-05,3.0157e-05,1.8905e-05,8.7798e-06,0.00013735,2.7835e-05,6.3245e-05,6.6267e-05,1.8583e-05,1.9023e-05,7.9532e-05,0.00010542,0.00017272,0.00033851,0.00038599,0.00018572,5.0919e-05,2.416e-05,2.9283e-05,3.4544e-05,4.7161e-05,6.833e-05,7.3705e-05,4.7971e-05,4.3122e-05
1.2937e-05,0.0002133,0.00010033,1.4841e-05,4.0619e-06,3.7464e-06,1.2928e-05,8.4062e-05,0.00018509,0.0001438,1.6726e-05,0.00028937,3.593e-05,7.3497e-05,4.8956e-05,7.9947e-06,1.6403e-07,1.7507e-06,4.9514e-05,3.4541e-06,4.0875e-05,0.00015598,0.00023477,0.00015037,4.5459e-05,1.0352e-05,1.0239e-06,1.6999e-06,1.9171e-05,5.4697e-05,4.3583e-05,2.3848e-05
1.7386e-05,1.4085e-05,1.7006e-05,1.3447e-05,3.4399e-06,1.4189e-05,4.2325e-06,9.9096e-05,0.00046038,0.00040741,4.3394e-05,1.3504e-05,3.1978e-05,3.3512e-05,1.3161e-05,0.0013939,0.0015201,0.0021648,0.001598,0.00020406,6.0248e-05,2.2412e-07,1.6096e-05,6.9008e-05,5.8083e-05,1.4308e-05,2.7153e-07,2.0408e-06,5.8767e-07,1.2249e-05,1.5393e-05,1.1915e-06
2.35e-05,2.4209e-05,2.9534e-05,2.2437e-05,1.5996e-06,2.082e-05,4.2217e-06,6.5137e-05,0.00051188,0.00047952,4.015e-05,0.00025429,0.00014861,0.00032562,0.0014286,0.0034041,0.0030591,0.0014874,0.0009438,0.0010809,0.00071461,0.0001133,1.2551e-06,1.3178e-07,4.2777e-06,7.0066e-06,4.1823e-06,6.9909e-06,1.38e-05,7.1276e-06,1.5395e-05,5.4622e-05
2.0322e-05,2.5569e-05,4.3667e-05,4.9226e-05,9.6444e-06,1.8274e-05,4.2337e-06,3.8946e-05,0.00038797,0.00034155,0.00076431,0.00017911,0.00024244,0.00049039,0.0012027,0.00084745,0.00012933,5.0481e-06,3.6994e-05,0.00044525,0.00049857,0.00033412,7.2726e-05,1.5138e-05,4.6544e-06,7.0298e-06,1.3792e-05,3.037e-05,6.5068e-05,9.7266e-05,0.00011787,0.00013201
1.4908e-05,1.732e-05,3.3634e-05,5.5929e-05,3.1477e-05,1.7268e-05,3.9413e-06,2.8082e-05,0.00019464,0.00014769,0.0011151,0.00091015,0.0011423,0.0006657,0.00039511,8.8328e-05,2.8483e-05,1.8148e-05,2.1274e-05,0.00019416,0.00017032,4.111e-05,1.8311e-05,9.5512e-06,1.7272e-05,2.3512e-05,6.4661e-05,7.1203e-05,5.8656e-05,5.3693e-05,4.5761e-05,3.6702e-05
1.698e-05,1.1766e-05,1.5951e-05,2.7166e-05,3.3876e-05,2.122e-05,7.0204e-06,1.5988e-05,4.7561e-05,2.9347e-05,0.0010875,0.0010894,0.00048587,0.00013702,5.8473e-05,6.5103e-05,0.00010337,0.0001626,0.00016168,3.7754e-05,5.1119e-06,4.4518e-05,0.00010141,3.8285e-05,5.2686e-06,3.8505e-06,2.145e-05,2.8362e-05,1.7144e-05,1.5402e-05,1.8358e-05,0.00058951
2.3298e-05,1.0215e-05,6.0382e-06,4.1743e-06,1.0684e-05,1.6685e-05,1.2745e-05,8.9273e-06,3.0872e-06,1.3078e-07,0.00026247,0.00023832,0.00010258,1.496e-05,1.0499e-05,4.6105e-05,9.3498e-05,7.6708e-05,7.8617e-05,8.8569e-05,4.237e-05,9.8501e-06,3.5295e-05,6.3556e-05,8.703e-05,5.0746e-05,2.811e-05,9.4868e-06,4.7197e-05,0.00013456,0.00075821,0.00093514
2.2634e-05,8.6235e-06,3.3252e-06,1.6365e-06,2.5079e-06,1.4572e-05,1.6363e-05,5.8259e-06,1.4644e-06,2.7285e-06,2.0225e-05,8.5429e-05,2.9454e-05,7.6276e-06,1.635e-05,6.9751e-05,7.0616e-05,2.5746e-05,1.3953e-05,4.0889e-05,8.4979e-05,0.00015508,0.00013706,7.638e-05,0.00011735,0.00014863,0.00016963,4.254e-05,4.8845e-05,0.00014652,0.00012771,7.6122e-05
1.7779e-05,7.1741e-06,2.6576e-06,2.9934e-06,7.9981e-06,1.5871e-05,1.2233e-05,3.5821e-06,2.3367e-06,5.2595e-06,4.3298e-06,1.0307e-05,3.0009e-05,4.2447e-05,8.3538e-05,0.0001481,0.00018998,0.00015865,6.8665e-05,4.2875e-05,9.3284e-05,0.00022501,0.00035969,0.00026944,0.00018395,2.6979e-05,5.9871e-05,3.995e-05,1.2303e-05,5.0048e-06,7.8301e-05,0.00014602
1.3798e-05,6.1534e-06,3.1575e-06,3.1453e-06,8.1446e-06,1.1235e-05,7.8414e-06,3.6446e-06,1.8763e-06,2.5888e-06,0.00014703,5.5094e-05,3.9546e-05,0.00013905,0.00022665,0.00019964,0.00015077,0.0001414,0.00011854,7.7612e-05,9.5862e-05,0.00014578,0.00023581,0.0003117,0.00044653,0.00039771,0.00016312,8.1996e-05,0.00011676,0.00025841,0.00063553,0.00054087
1.0469e-05,5.4855e-06,4.1552e-06,3.2072e-06,4.0906e-06,4.5271e-06,5.2183e-06,5.8626e-06,1.8423e-06,3.8444e-06,1.193e-05,0.00017456,3.7986e-05,0.00012447,0.00051996,0.00032964,7.237e-05,3.2191e-05,6.6653e-05,8.7044e-05,0.00010252,0.00013149,0.00017757,0.00034545,0.00048417,0.00076793,0.0010287,0.00068667,0.00044382,0.00046311,0.00050839,0.00025415
7.6507e-06,5.0475e-06,4.2415e-06,2.675e-06,1.5206e-06,9.1957e-07,2.9867e-06,7.6085e-06,4.4128e-06,2.4103e-05,2.8861e-05,5.4162e-06,1.6934e-05,6.0661e-05,0.00047179,0.00045766,0.00011234,4.4985e-05,7.8252e-05,0.00010471,0.00011727,0.00020144,0.00034737,0.00039539,0.00046237,0.00057078,0.0011146,0.0011117,0.00050369,0.00023448,0.0002102,0.00017231
