0.00026526,0.00095192,0.0020422,0.00022326,0.00014601,0.0003398,0.000496,0.00036485,0.00057333,5.5627e-05,8.758e-05,1.6355e-05,1.7344e-05,3.9193e-05,5.0757e-07,6.7328e-05,0.00014704,1.7236e-05,0.00011946,0.00023412,0.00017865,6.7272e-05,2.3721e-05,6.787e-05,0.00014905,0.00014582,6.5062e-05,5.0354e-05,0.00012353,0.00023404,0.00037868,0.00056526
0.00029259,0.00050768,0.0022698,0.00088322,0.00013836,4.1742e-05,0.00025536,0.00033213,0.00031961,0.00079064,8.1205e-05,3.402e-05,4.7318e-07,0.00017292,0.00022378,0.00020729,0.00024489,0.00032345,2.3299e-05,0.00010617,0.00013812,7.3201e-05,3.5e-05,7.0371e-05,0.0001466,0.00017399,9.3651e-05,6.2522e-05,0.00014281,0.000276,0.00047445,0.00069061
9.4472e-05,0.00025681,0.0015467,0.00079153,0.00019075,9.1913e-05,0.00024898,0.00072039,0.00043754,0.00039094,0.00048701,2.2952e-05,6.5519e-07,1.1213e-05,1.2573e-05,1.3397e-05,1.0278e-05,0.00035777,0.00062787,3.7448e-05,9.3464e-05,7.6981e-05,4.5988e-05,6.8267e-05,0.00013998,0.00020004,0.00012994,6.3375e-05,0.00013411,0.0002947,0.00054865,0.00078921
8.9188e-06,0.00026629,0.00075298,0.00035248,0.00012273,3.7211e-06,2.3347e-05,0.0014326,0.00075767,0.00084524,0.0010559,3.2508e-05,8.1451e-07,6.0761e-06,1.415e-05,2.2124e-05,3.2373e-05,2.9475e-05,2.503e-05,0.00063925,7.9646e-05,7.5013e-05,4.9663e-05,6.6451e-05,0.00014073,0.00023547,0.00018005,7.4861e-05,0.0001149,0.00029341,0.00058035,0.00084083
4.4609e-05,0.00021232,0.00036216,0.00011149,0.0001919,4.938e-06,1.8442e-05,4.0714e-05,0.0010459,0.002817,0.00011508,0.00011481,1.9979e-05,4.2742e-06,6.6219e-06,4.2345e-06,3.038e-05,9.2631e-05,0.0001088,9.0944e-05,9.1514e-05,6.2185e-05,4.5108e-05,6.3597e-05,0.00013514,0.00024937,0.00023936,0.00011859,0.00011386,0.00029589,0.00064939,0.00099479
2.5038e-05,0.00019438,0.00022523,0.00039411,0.00033367,3.7532e-05,0.00011443,0.00015339,0.00010745,0.00014188,0.00027225,0.00020415,4.2025e-05,1.3109e-05,3.7911e-06,5.5226e-05,0.00052195,4.5758e-05,0.00012777,0.00012131,7.7308e-05,5.3385e-05,4.3991e-05,5.8838e-05,0.00010536,0.00022032,0.00028368,0.00018273,0.00010408,0.00022264,0.00062787,0.0011977
1.0905e-05,8.5226e-05,0.00025273,0.00080264,0.00038374,8.9768e-05,0.00025162,0.0002408,0.00013491,0.00020216,0.00030031,0.00018069,3.1317e-05,1.0615e-05,8.8955e-06,6.5447e-05,0.000244,0.0009483,7.4395e-05,0.00010121,6.8173e-05,5.0831e-05,4.6903e-05,5.6101e-05,7.4577e-05,0.00015446,0.00023947,0.000171,8.7274e-05,0.00012921,0.00040666,0.0010197
1.3272e-05,5.4866e-05,0.00033683,0.00035196,4.6447e-05,0.00015472,0.00027793,0.00017668,9.4638e-05,0.00026042,0.00034608,0.00016261,2.04e-05,2.5482e-06,2.0483e-05,0.0001857,0.00031201,0.0007871,8.0553e-05,0.00011938,6.9316e-05,4.5706e-05,3.4458e-05,4.054e-05,6.4411e-05,9.5113e-05,0.00011627,7.8619e-05,0.0010998,0.001613,0.005689,0.00057947
8.1155e-06,3.9542e-05,0.00030816,0.0009881,6.6887e-05,0.00011331,0.00016305,9.1537e-05,6.6991e-05,0.00027041,0.0003088,0.00010835,1.2376e-05,7.1856e-05,0.00018808,0.00045506,0.00061989,0.00073464,0.00014947,0.00016991,7.9976e-05,3.8769e-05,1.7812e-05,2.0562e-05,6.8278e-05,0.00011813,8.5116e-05,0.0013605,0.0018875,0.0025724,0.0049942,0.005192
9.4602e-06,8.278e-05,0.0007379,4.683e-05,2.6989e-05,3.1159e-05,8.5325e-05,6.232e-05,3.9327e-05,0.00020803,0.00016538,4.0655e-05,5.8383e-06,0.00023029,7.7255e-06,0.00098083,1.251e-05,2.7232e-05,0.00014741,0.00017028,8.0909e-05,3.3499e-05,1.5058e-05,1.5819e-05,7.9229e-05,0.00024104,0.00023773,0.0027693,0.0030681,0.0034058,0.0038086,0.0067025
4.1559e-05,0.00019262,4.6597e-05,3.4156e-05,1.1347e-05,1.9395e-05,0.00011961,8.2531e-05,3.7996e-05,0.00022603,0.00012753,1.4475e-05,7.1268e-06,1.7058e-05,3.4682e-05,3.6544e-05,1.7333e-05,0.0017405,8.7719e-05,0.00012325,6.995e-05,2.727e-05,2.0035e-05,1.0461e-05,6.0806e-05,0.00033381,0.0045725,0.0038359,0.003699,0.0029436,0.0030261,0.0040094
6.5996e-07,2.45e-05,7.7952e-05,4.809e-05,3.5613e-05,9.5116e-05,0.00026695,0.00012232,7.3227e-05,0.00038929,0.00018748,2.2249e-05,2.2044e-05,6.1079e-05,0.00011574,0.00015429,7.8788e-05,0.0028533,7.7017e-05,0.00010399,6.7747e-05,2.5095e-05,1.8519e-05,7.0932e-06,4.3138e-05,0.0002834,0.003767,0.0047313,0.0027669,0.0021545,0.0020849,0.0028629
4.1171e-05,9.6564e-05,0.00011912,0.00011056,0.00015955,0.00036824,0.00048208,0.00015122,9.9161e-05,0.00042478,0.00017738,2.005e-05,2.593e-05,9.7934e-05,0.00022642,0.00035923,0.00025498,0.0001297,0.00013067,0.000133,8.3757e-05,3.8476e-05,1.3761e-05,1.5588e-06,3.2338e-05,0.0047097,0.0029772,0.0023875,0.0015679,0.0021021,0.0022885,0.0023041
0.00015333,0.00019953,0.00019572,0.00021809,0.00035231,0.00061594,0.00051999,0.00015594,0.00010619,0.0002947,0.00012557,0.0022704,0.0023415,0.00014076,0.00029182,0.00037827,0.00032965,0.00024422,0.00023355,0.00017324,9.0001e-05,8.5493e-05,7.2623e-05,5.0256e-05,0.0020635,0.0030112,0.0018771,0.0016837,0.0012327,0.0023109,0.0020642,0.00185
0.0002049,0.00022965,0.00019201,0.00023151,0.00044572,0.0006427,0.00044282,0.00016486,0.00014186,0.00023135,0.00013129,6.4329e-05,0.00012529,0.00028642,0.00033762,0.00032442,0.00034426,0.00035658,0.00032375,0.00016396,7.6651e-05,0.00010835,0.00018782,0.00026691,0.0034942,0.0024078,0.001386,0.0016596,0.0012362,0.0020701,0.00089198,0.0010546
0.00015152,0.00014562,0.00011723,0.00019561,0.00042302,0.00054647,0.00034023,0.00015006,0.00014172,0.0001912,0.00019316,0.00024291,0.00036931,0.00042232,0.00031332,0.00024451,0.0002916,0.00035497,0.00033066,0.00015617,6.5707e-05,7.4657e-05,0.00016286,0.00031249,0.00557,0.0033122,0.0012303,0.0017834,0.0019916,0.0018574,0.00074406,0.0013886
7.3778e-05,6.7165e-05,6.8373e-05,0.00016933,0.00037618,0.00040879,0.00021043,8.6294e-05,0.00011071,0.0002108,0.00033737,0.00046882,0.00049033,0.0003659,0.00020553,0.00010863,0.0001139,0.00019663,0.0002865,0.00018224,6.5506e-05,4.9101e-05,0.0012761,0.0027955,0.00517,0.0031166,0.0015528,0.0009601,0.0017315,0.0014018,0.0012725,0.0012058
5.8616e-05,5.7571e-05,8.5228e-05,0.0002111,0.0003642,0.00029937,0.00012802,4.3779e-05,0.00010417,0.00027247,0.0004405,0.00051412,0.00042616,0.00026528,0.00014086,5.3221e-05,0.0030523,0.0055536,0.00026,0.00026595,9.3478e-05,4.7655e-05,0.0013094,0.0018174,0.0044516,0.0031408,0.0025725,0.0017692,0.0011634,0.00094215,0.001306,0.0014744
6.237e-05,7.2899e-05,0.00013073,0.0002626,0.0003393,0.00023163,8.8071e-05,2.7644e-05,0.00010716,0.0002788,0.00043074,0.00047286,0.00037092,0.0002204,0.00013104,7.9521e-05,3.6364e-05,5.7832e-05,0.00018469,0.00027311,0.00015286,8.4584e-05,0.0020248,0.0035738,0.0058239,0.0054515,0.0035093,0.0018511,0.00089633,0.00081496,0.00056547,0.0014596
6.9842e-05,9.5068e-05,0.00016753,0.0002865,0.00032985,0.00020665,6.9051e-05,2.2223e-05,8.7765e-05,0.00021544,0.00036147,0.0004339,0.00036225,0.00021677,0.00013073,0.00010962,4.2268e-05,0.0013903,0.0029481,0.00010001,0.00011104,0.00016343,0.00023233,0.00032826,0.011196,0.0088271,0.0032451,0.001806,0.00046928,0.00071582,0.00088123,0.0013385
0.00010313,0.00012935,0.00019385,0.00028864,0.00031183,0.00017789,5.3083e-05,2.2909e-05,6.5758e-05,0.00016665,0.00032741,0.0004301,0.00037194,0.00022642,0.00013423,0.00012587,4.277e-05,0.00049506,0.0010798,0.0013596,4.5994e-05,0.00013524,0.00021338,0.00044149,0.00062326,0.013966,0.0055863,0.0019224,0.00085457,0.00039403,0.00044359,0.0011323
0.00013966,0.00014008,0.00017695,0.00024754,0.0002609,0.00012724,3.4107e-05,2.6366e-05,5.7785e-05,0.0001537,0.00034193,0.00045022,0.00036501,0.00022205,0.00013537,0.0001324,7.4583e-05,0.00041011,0.00064702,0.0010912,1.6519e-05,0.00010469,0.00012606,0.00011099,0.00022428,0.0083962,0.0057655,0.0022965,0.0015209,0.00094621,0.00036234,0.00083815
0.00013524,0.00011956,0.00012939,0.00018252,0.00018795,7.82e-05,1.8484e-05,2.3279e-05,4.749e-05,0.00014493,0.00037523,0.00049705,0.00035916,0.00020103,0.00013318,0.00011874,0.0001113,1.5115e-05,0.00033176,0.00092051,0.0017105,4.9272e-05,0.0061943,0.0041855,0.0017277,0.0027993,0.0040703,0.0027245,0.0021002,0.0010412,0.0005849,0.00057339
0.00011476,9.7734e-05,0.00010276,0.00013173,0.00012679,4.5886e-05,8.8646e-06,1.9139e-05,4.7282e-05,0.00016397,0.00040726,0.00053579,0.00036327,0.0001918,0.00013765,0.00011285,0.00010677,3.4394e-05,0.00032408,0.00084009,5.5086e-05,2.6532e-05,0.00035221,0.0003538,0.003477,0.0021391,0.0031352,0.0020306,0.0019895,0.0011286,0.00060792,0.0015963
0.00010703,9.1272e-05,9.4173e-05,0.00011176,0.00010071,3.2709e-05,5.732e-06,2.282e-05,7.3138e-05,0.00021233,0.00041775,0.00049601,0.0003561,0.00019992,0.00015243,0.00014422,9.9801e-05,3.96e-05,1.2135e-05,0.001462,7.2546e-05,0.0001095,0.00024505,0.00033924,0.00016977,4.6631e-05,0.0017031,0.0028848,0.0027203,0.002679,0.0012176,0.0021325
0.00011448,9.4104e-05,9.4106e-05,0.00010968,8.6909e-05,2.6891e-05,5.498e-06,2.9152e-05,0.00010713,0.00026469,0.00040119,0.00039723,0.0003109,0.00020026,0.00016444,0.00019755,0.00019657,0.00012146,0.00010412,9.9304e-05,0.0030165,0.00015354,0.00024304,0.0002017,8.6779e-05,3.3047e-05,0.00084954,0.0014941,0.0022043,0.0028042,0.0014149,0.0024632
0.00012135,8.8611e-05,8.472e-05,9.7467e-05,7.4741e-05,2.4854e-05,5.5274e-06,3.4668e-05,0.0001297,0.00029019,0.00036715,0.00032706,0.00026963,0.00019831,0.00017139,0.00020239,0.0002489,0.00029209,0.00032519,0.00028679,0.00021632,0.00020592,0.00026303,0.0002316,0.00011205,5.0393e-05,3.3747e-05,3.4814e-05,0.0013398,0.0023985,0.0020953,0.0010525
0.0001133,7.5438e-05,7.1631e-05,7.5288e-05,5.9566e-05,1.9828e-05,8.8076e-06,4.9534e-05,0.00013947,0.00026205,0.00031566,0.00029385,0.00024948,0.00020244,0.00017926,0.00017276,0.00017744,0.00023311,0.00033697,0.00039857,0.00037847,0.00033189,0.00028637,0.00023241,0.00013684,9.2297e-05,7.2775e-05,5.9446e-05,5.3299e-05,0.0020397,0.0017195,0.0057232
0.00010129,7.4549e-05,6.2178e-05,5.1755e-05,3.8163e-05,1.1718e-05,1.4991e-05,6.7288e-05,0.00013808,0.00020822,0.0002557,0.0002593,0.00022728,0.00020303,0.00019385,0.00015679,0.00012075,0.00013753,0.00019999,0.00027441,0.00033329,0.00033863,0.00024623,0.00019451,0.00014323,0.00012217,0.00012118,0.0001046,0.00010331,0.00014529,0.00024909,0.00048646
0.00010436,8.3411e-05,6.3003e-05,3.9828e-05,2.2284e-05,8.4492e-06,1.7588e-05,7.1342e-05,0.00012822,0.00016767,0.00021506,0.00024566,0.00023139,0.00020954,0.00020436,0.00015399,9.9907e-05,8.786e-05,9.4724e-05,0.00010857,0.000138,0.00018742,0.00018841,0.00018628,0.00017153,0.00014883,0.00014838,0.0001506,0.00017341,0.00027406,0.00049832,0.00086995
0.00011591,9.4996e-05,6.7124e-05,3.814e-05,1.999e-05,1.043e-05,2.0224e-05,7.0136e-05,0.00012282,0.00015579,0.00020719,0.0002681,0.00027561,0.00024272,0.00021618,0.00015122,9.2315e-05,7.3701e-05,6.4127e-05,5.5126e-05,4.8277e-05,6.6322e-05,0.00013776,0.00021754,0.0002545,0.00020762,0.00016573,0.00015966,0.0001991,0.00032398,0.000525,0.00071948
0.00011889,9.5461e-05,6.9333e-05,4.2031e-05,2.4227e-05,1.4808e-05,2.483e-05,6.9911e-05,0.00012525,0.00016827,0.00022293,0.00029676,0.00032516,0.00030023,0.00023806,0.00015108,8.7668e-05,6.3689e-05,5.6826e-05,5.0224e-05,4.0348e-05,3.2222e-05,7.9325e-05,0.00021191,0.0003243,0.00026839,0.00017632,0.00013978,0.0001797,0.00029333,0.00041378,0.00043434
0.00012509,9.8749e-05,7.3435e-05,4.5133e-05,2.7166e-05,1.9414e-05,2.9428e-05,7.0537e-05,0.00013528,0.00020464,0.00027622,0.00034099,0.00035723,0.00032709,0.00023719,0.00014407,8.429e-05,5.3809e-05,4.0018e-05,3.9176e-05,4.4078e-05,5.4118e-05,9.5923e-05,0.00020866,0.00032304,0.00026359,0.00016867,0.00012224,0.00016398,0.00027268,0.00033925,0.00029546
0.00014093,0.00010944,8.1755e-05,4.9421e-05,3.2696e-05,2.9016e-05,4.3653e-05,8.88e-05,0.00016007,0.00025473,0.00035299,0.00038967,0.0003504,0.00028859,0.00021008,0.00014011,8.4716e-05,4.9039e-05,3.4599e-05,3.1682e-05,4.9924e-05,8.4566e-05,0.00014706,0.00024516,0.0003161,0.00023399,0.00013245,0.00010316,0.00015812,0.00025584,0.00027974,0.00022131
0.00015532,0.00011961,9.063e-05,5.6778e-05,4.0708e-05,4.8483e-05,8.4055e-05,0.00014135,0.00020333,0.00029547,0.00038149,0.00037104,0.00029228,0.00023463,0.0001921,0.00014966,8.9491e-05,4.5329e-05,3.2583e-05,3.4404e-05,5.509e-05,0.00010959,0.0001835,0.00027232,0.00034264,0.00024735,0.00011166,8.5064e-05,0.00014746,0.0002404,0.00023107,0.00016151
0.00015874,0.00012716,9.7764e-05,6.4328e-05,4.7287e-05,6.8618e-05,0.00013884,0.0002098,0.00025499,0.00032315,0.00036477,0.00031841,0.00024267,0.00021297,0.0002017,0.00017145,9.8263e-05,4.2303e-05,2.6849e-05,3.3586e-05,6.1803e-05,0.00012544,0.00018987,0.00025419,0.0003309,0.0002723,0.00014045,8.5291e-05,0.00013785,0.00023246,0.00020353,0.00012774
0.00015387,0.00012543,9.3976e-05,6.7222e-05,5.5359e-05,9.0254e-05,0.00018701,0.00026583,0.00029686,0.00034109,0.0003505,0.000294,0.0002396,0.00022935,0.00022994,0.00019701,0.00011098,4.7785e-05,2.4779e-05,2.8872e-05,6.2177e-05,0.00012485,0.00015814,0.00017657,0.00022974,0.00025135,0.00019978,0.00013393,0.00016722,0.00024614,0.00019102,9.782e-05
0.00013458,0.00011538,8.3315e-05,6.6597e-05,7.3366e-05,0.00012789,0.000234,0.00030612,0.0003139,0.0003296,0.00032646,0.00028571,0.00025543,0.00025091,0.00025226,0.0002148,0.0001267,6.2258e-05,3.0638e-05,2.7084e-05,5.4147e-05,0.00011321,0.00012837,0.00010389,0.00011476,0.00018584,0.00025585,0.00024222,0.00025021,0.00028324,0.00018187,7.3363e-05
0.00010437,0.00010262,8.0911e-05,7.5092e-05,9.7921e-05,0.00016361,0.00026447,0.0003284,0.00032172,0.00030537,0.00029119,0.00027824,0.00026805,0.00026329,0.00026284,0.00022983,0.0001485,8.0097e-05,3.6894e-05,2.2694e-05,3.9228e-05,0.00010611,0.00012715,7.9192e-05,5.9498e-05,0.00012194,0.00029232,0.00038681,0.00035656,0.00031033,0.00016943,5.9437e-05
8.5358e-05,0.0001023,9.856e-05,9.5756e-05,0.00011855,0.00018423,0.00027296,0.00033366,0.00032651,0.00029043,0.00026584,0.00027705,0.00029073,0.00029002,0.00028344,0.00025554,0.00017617,9.2337e-05,3.501e-05,1.4918e-05,2.4431e-05,0.0001116,0.00015662,8.0809e-05,4.8451e-05,0.00010504,0.00031777,0.00050864,0.00042644,0.00029835,0.00015593,5.3389e-05
8.0433e-05,0.00011186,0.00011756,0.00011147,0.00013526,0.00020643,0.00029044,0.00033801,0.00032473,0.00027488,0.00025092,0.00027662,0.00031025,0.00031635,0.00031016,0.00028426,0.00019588,9.7155e-05,2.8895e-05,8.3602e-06,1.3939e-05,0.00010693,0.00016659,8.5828e-05,5.5265e-05,0.00012115,0.0003372,0.00053893,0.00043315,0.00027458,0.0001486,5.7124e-05
8.0431e-05,0.00011169,0.0001151,0.00011371,0.00015002,0.00023451,0.00031617,0.00033749,0.00029985,0.00025041,0.00023522,0.00027908,0.00032449,0.00033155,0.00032345,0.00029411,0.0002034,9.8093e-05,2.5695e-05,5.2259e-06,1.1786e-05,8.6334e-05,0.00012835,7.9081e-05,7.8834e-05,0.00015631,0.0003458,0.00049796,0.00042016,0.00027778,0.00014975,6.5637e-05
7.3494e-05,9.9991e-05,0.0001097,0.00011961,0.0001559,0.00024168,0.00031734,0.00032279,0.00027877,0.00023545,0.00023577,0.00029505,0.00033636,0.00034037,0.00033187,0.00030006,0.00020339,9.3046e-05,2.3975e-05,5.4101e-06,1.6553e-05,6.7676e-05,7.7058e-05,5.6823e-05,8.967e-05,0.00018797,0.00034353,0.00046371,0.00042815,0.0003072,0.00017069,8.9315e-05
6.6973e-05,9.6165e-05,0.00012365,0.00014205,0.00016569,0.00023483,0.00029856,0.00030696,0.00026879,0.00023359,0.00024661,0.00030369,0.00032977,0.00033141,0.00033287,0.00029445,0.00018987,7.9521e-05,2.1839e-05,8.6001e-06,2.3373e-05,5.4961e-05,4.7016e-05,3.6633e-05,7.682e-05,0.00019896,0.00036387,0.00047957,0.00046016,0.00035259,0.00022536,0.00013596
6.2265e-05,9.6042e-05,0.00014373,0.00016693,0.00018179,0.00023582,0.00028357,0.00028568,0.0002525,0.00023247,0.00025895,0.00030371,0.00030572,0.00030484,0.00030911,0.0002668,0.00016851,7.1397e-05,2.2932e-05,1.2742e-05,2.0916e-05,4.1228e-05,3.4134e-05,3.4755e-05,7.7539e-05,0.00020361,0.00039903,0.00053489,0.00048675,0.00039769,0.00031011,0.0002001
5.6176e-05,8.9277e-05,0.00014875,0.00017682,0.00019343,0.00023192,0.00025375,0.00024681,0.00023372,0.00023845,0.0002748,0.00030251,0.00028179,0.00027447,0.00027376,0.00023238,0.00015858,7.4655e-05,2.9804e-05,1.8264e-05,1.3768e-05,2.6373e-05,2.8361e-05,4.248e-05,9.6992e-05,0.00021213,0.00039163,0.00055074,0.00052002,0.00044997,0.00041146,0.00028175
4.9772e-05,8.7598e-05,0.00015752,0.00019492,0.00021063,0.00022125,0.00020963,0.00021515,0.00024132,0.0002578,0.00028086,0.0002906,0.00025599,0.00024894,0.00024521,0.00020723,0.00015529,8.2863e-05,3.646e-05,2.3189e-05,1.3932e-05,1.3657e-05,2.3685e-05,5.6926e-05,0.00012603,0.00022685,0.00036367,0.00050883,0.00056655,0.00053497,0.00051936,0.00036976
4.6587e-05,9.5426e-05,0.00017612,0.00022565,0.00024047,0.00021148,0.00016628,0.00018973,0.00024366,0.00025517,0.00027047,0.00027214,0.00022412,0.00021767,0.00021923,0.00017967,0.00014056,8.6015e-05,3.6867e-05,2.0953e-05,1.6199e-05,1.26e-05,2.5678e-05,7.7857e-05,0.00016393,0.00026764,0.00038754,0.00049251,0.00059686,0.00063771,0.00061242,0.00043681
4.5842e-05,0.00010555,0.00018755,0.00024748,0.0002625,0.00019506,0.00013121,0.0001523,0.00020989,0.00022383,0.00025976,0.00026982,0.00020402,0.000184,0.00018167,0.00014512,0.00011928,8.7901e-05,3.7024e-05,1.5778e-05,1.4212e-05,1.6304e-05,3.5547e-05,0.00010464,0.00020438,0.00032515,0.00045149,0.00052307,0.00060789,0.00071089,0.00068123,0.00046813
4.9029e-05,0.00011511,0.00019333,0.0002618,0.00027168,0.0001736,0.00010227,0.00011361,0.00016461,0.00019287,0.00025023,0.00026797,0.00019073,0.00015584,0.00014067,0.00010941,0.00010046,8.8627e-05,4.1431e-05,1.5563e-05,1.3109e-05,1.7519e-05,4.1146e-05,0.00012333,0.0002397,0.00037903,0.00050941,0.00055584,0.0006217,0.00075024,0.00071706,0.0004837
5.9813e-05,0.00012767,0.00020064,0.00028123,0.0002715,0.00013637,6.7188e-05,8.402e-05,0.00014247,0.00018594,0.00024053,0.00024499,0.00016939,0.00013587,0.00011463,8.8831e-05,9.3697e-05,9.2884e-05,4.8799e-05,1.9969e-05,1.4873e-05,1.75e-05,3.877e-05,0.00013032,0.00027617,0.00043335,0.0005593,0.00059638,0.0006564,0.000779,0.00072156,0.00049154
7.5095e-05,0.00013719,0.00021049,0.00030298,0.00026046,9.5326e-05,3.5636e-05,6.0893e-05,0.00013514,0.00018588,0.00022745,0.00021015,0.00013957,0.00010758,9.2273e-05,7.7854e-05,9.7262e-05,0.00010878,5.9817e-05,2.5731e-05,1.7329e-05,1.6825e-05,3.7618e-05,0.00014185,0.00031941,0.00049903,0.00060412,0.00064338,0.00071069,0.00081968,0.00072426,0.00048444
8.83e-05,0.00013512,0.00020575,0.00029842,0.00020621,5.2747e-05,1.8386e-05,5.3095e-05,0.00013423,0.00017686,0.00019441,0.00016862,0.00010745,7.4369e-05,6.5997e-05,6.663e-05,0.00010283,0.00012994,7.0661e-05,2.718e-05,1.5422e-05,1.3203e-05,3.4152e-05,0.00014453,0.0003346,0.00053859,0.00064634,0.00068307,0.00077245,0.00086564,0.00075049,0.00048139
0.00010423,0.00013287,0.0001904,0.00025998,0.00013262,2.4818e-05,1.5074e-05,7.1431e-05,0.0001577,0.00016133,0.00014372,0.0001146,7.2749e-05,4.4532e-05,4.4509e-05,5.8372e-05,0.00010226,0.00014088,7.8464e-05,2.5372e-05,9.1348e-06,6.9582e-06,2.8941e-05,0.00012758,0.00028929,0.00050688,0.00067552,0.00074477,0.00085758,0.00092183,0.00075566,0.00045245
0.00010278,0.00010716,0.00015478,0.0001908,7.7327e-05,1.8206e-05,2.482e-05,0.00011938,0.00019685,0.00015002,0.00010611,7.2965e-05,4.1017e-05,2.413e-05,3.3038e-05,5.4078e-05,0.00010289,0.00014987,8.6933e-05,2.4879e-05,3.8998e-06,3.1427e-06,3.1418e-05,0.00012071,0.00023033,0.00043555,0.0007238,0.00088614,0.00097565,0.00096553,0.00073881,0.00042527
8.7619e-05,8.6396e-05,0.00012417,0.00012394,5.174e-05,2.4616e-05,4.5996e-05,0.00015247,0.00019515,0.00013069,8.2833e-05,5.0195e-05,2.263e-05,1.2122e-05,2.3931e-05,4.8268e-05,0.0001069,0.00016381,9.2788e-05,2.1798e-05,1.9447e-06,4.5589e-06,4.3584e-05,0.00012602,0.00018352,0.00034604,0.00073901,0.0010622,0.0010926,0.00097751,0.00072834,0.00043071
8.0673e-05,8.3501e-05,0.00011097,9.7016e-05,5.3026e-05,3.8778e-05,6.4923e-05,0.00014013,0.00015696,0.00010377,6.3037e-05,3.6281e-05,1.5885e-05,8.6e-06,1.9253e-05,4.2685e-05,0.0001006,0.00015428,7.9889e-05,1.3135e-05,1.1219e-06,1.0677e-05,6.3516e-05,0.00012657,0.00013725,0.0002518,0.00068407,0.001178,0.0011742,0.00098238,0.00075279,0.00047465
8.2815e-05,9.5352e-05,0.00011651,9.97e-05,6.3966e-05,5.0067e-05,6.8942e-05,0.00011622,0.00012726,8.4457e-05,4.7116e-05,2.6833e-05,1.2806e-05,8.6364e-06,2.2878e-05,4.7205e-05,9.1517e-05,0.00012786,6.034e-05,8.31e-06,1.6743e-06,2.1491e-05,8.8017e-05,0.00012115,0.00010745,0.00020577,0.00062535,0.0012136,0.0012095,0.00099844,0.00079593,0.00053747
9.3406e-05,0.00010872,0.00011844,0.00010405,6.9763e-05,5.3411e-05,6.2621e-05,9.1245e-05,9.9677e-05,6.8671e-05,4.116e-05,2.2721e-05,9.4338e-06,6.9691e-06,2.7318e-05,5.1704e-05,7.8876e-05,0.00010032,4.4576e-05,5.4605e-06,2.4594e-06,3.1401e-05,0.00010245,0.00012023,0.00010704,0.00020152,0.00059031,0.0011524,0.0011576,0.00099811,0.00083812,0.00057784
0.00010315,0.00011187,0.00011477,0.00010255,6.7925e-05,5.0684e-05,5.5408e-05,7.0541e-05,7.0474e-05,5.3338e-05,3.833e-05,1.9345e-05,7.1753e-06,4.458e-06,2.3264e-05,5.0872e-05,7.3282e-05,8.1779e-05,2.9565e-05,2.7098e-06,1.1272e-06,3.1142e-05,9.9091e-05,0.00012233,0.00012173,0.00020816,0.00053096,0.0010059,0.0010487,0.00094398,0.00084107,0.00058538
0.00010167,0.00010354,0.00010591,9.3347e-05,5.9664e-05,4.4478e-05,4.9788e-05,5.8638e-05,5.1478e-05,3.9152e-05,2.7783e-05,1.4653e-05,5.4183e-06,3.5827e-06,2.1805e-05,4.99e-05,6.671e-05,6.228e-05,1.9067e-05,3.4938e-06,4.2559e-07,2.7956e-05,9.4684e-05,0.00013091,0.00014746,0.00023674,0.00049511,0.00087093,0.00098959,0.00090201,0.00077773,0.00056215
8.3154e-05,7.9059e-05,8.6264e-05,7.6947e-05,5.0234e-05,3.8077e-05,4.4823e-05,5.2796e-05,4.2178e-05,2.7919e-05,1.963e-05,1.4979e-05,5.1987e-06,3.1288e-06,2.1466e-05,3.5616e-05,4.0567e-05,3.8108e-05,1.8217e-05,7.5724e-06,4.1515e-07,2.676e-05,9.5026e-05,0.00015324,0.00019529,0.00029967,0.00052361,0.00079479,0.00094044,0.00086326,0.00069507,0.00051272
7.2962e-05,6.154e-05,6.4105e-05,5.9804e-05,4.1936e-05,3.3767e-05,3.7398e-05,4.5351e-05,3.3179e-05,1.9618e-05,1.6459e-05,2.0142e-05,7.5301e-06,1.6145e-06,1.2189e-05,1.1075e-05,1.4619e-05,2.7177e-05,2.8049e-05,1.4599e-05,4.5329e-07,2.4001e-05,9.837e-05,0.00018707,0.00026074,0.00036394,0.00054142,0.00072871,0.00084299,0.00079187,0.00061948,0.00044941
7.3887e-05,5.5343e-05,5.1865e-05,4.6264e-05,3.4604e-05,2.8325e-05,3.1296e-05,3.8668e-05,2.6497e-05,1.4889e-05,1.5406e-05,2.0807e-05,8.4968e-06,5.6596e-07,4.2505e-06,2.2711e-06,9.8332e-06,3.0073e-05,3.8902e-05,1.9417e-05,2.443e-07,2.1577e-05,0.00010779,0.00022976,0.00031849,0.00041671,0.00053171,0.00064303,0.00073785,0.00072276,0.00057041,0.00038986
6.8956e-05,5.2242e-05,4.5247e-05,3.5094e-05,2.387e-05,2.089e-05,2.749e-05,3.7968e-05,2.4949e-05,1.4635e-05,1.676e-05,1.9963e-05,9.1276e-06,8.4567e-07,1.4003e-06,1.3738e-06,9.7569e-06,2.9831e-05,4.2558e-05,2.1239e-05,1.1538e-07,2.0849e-05,0.00010819,0.00024182,0.00034654,0.0004597,0.0005377,0.00058789,0.00067338,0.00066425,0.00052042,0.00033828
4.9606e-05,4.0916e-05,3.6927e-05,2.5411e-05,1.5295e-05,1.5587e-05,2.4988e-05,3.5477e-05,2.329e-05,1.6752e-05,2.1806e-05,2.3941e-05,1.2314e-05,1.8707e-06,1.1049e-06,1.5809e-06,8.576e-06,2.7933e-05,4.2079e-05,2.3058e-05,5.1384e-07,1.5055e-05,8.1939e-05,0.00020428,0.0003417,0.00047871,0.0005492,0.00055587,0.00061804,0.00059955,0.00045116,0.00028682
3.3798e-05,3.0685e-05,2.8778e-05,1.91e-05,1.1328e-05,1.207e-05,2.0782e-05,2.5818e-05,1.7286e-05,1.7238e-05,2.5774e-05,3.0346e-05,1.569e-05,2.7065e-06,5.5282e-07,1.5953e-06,8.3762e-06,2.5407e-05,3.7567e-05,2.4338e-05,2.4177e-06,9.1701e-06,6.0739e-05,0.0001746,0.00032487,0.0004452,0.00050307,0.00050339,0.00055305,0.00055037,0.00042412,0.00025909
3.0169e-05,2.7234e-05,2.2421e-05,1.4414e-05,8.6063e-06,8.9153e-06,1.7506e-05,1.9595e-05,1.2656e-05,1.7036e-05,2.8987e-05,3.2138e-05,1.7209e-05,3.3892e-06,2.1309e-07,2.3575e-06,1.0344e-05,2.538e-05,3.6705e-05,2.8072e-05,6.2122e-06,7.541e-06,5.929e-05,0.0001704,0.00030064,0.00037642,0.00042861,0.00045964,0.00050921,0.00052437,0.00042841,0.00026854
2.9716e-05,2.4634e-05,1.7386e-05,1.104e-05,7.7937e-06,7.9899e-06,1.8455e-05,2.1558e-05,1.2917e-05,1.9042e-05,3.2825e-05,3.1807e-05,1.6525e-05,3.7304e-06,4.8982e-07,5.2492e-06,1.6829e-05,3.3342e-05,4.6744e-05,4.0146e-05,1.356e-05,6.7288e-06,5.0428e-05,0.00014784,0.0002602,0.00032399,0.00038464,0.00044133,0.00049005,0.00050147,0.00040443,0.00027344
2.8798e-05,2.0942e-05,1.3969e-05,9.8053e-06,7.9189e-06,9.1198e-06,1.8897e-05,2.3213e-05,1.2805e-05,1.7761e-05,3.2259e-05,3.2101e-05,1.5905e-05,4.2706e-06,1.4726e-06,1.0358e-05,2.9176e-05,5.0865e-05,6.3434e-05,5.3451e-05,2.02e-05,6.3857e-06,3.6892e-05,0.00012007,0.00023319,0.00029593,0.00034731,0.00041542,0.00046444,0.00046219,0.00036968,0.00026678
2.9678e-05,1.8214e-05,1.3014e-05,1.1304e-05,1.0592e-05,1.2556e-05,2.0918e-05,2.3267e-05,1.1429e-05,1.4864e-05,2.8415e-05,2.7324e-05,1.423e-05,4.7889e-06,3.1435e-06,1.7662e-05,4.4219e-05,6.8456e-05,7.8168e-05,6.1613e-05,2.2277e-05,5.2187e-06,3.5019e-05,0.00011075,0.00020954,0.00025608,0.00028635,0.00035035,0.00041002,0.00041949,0.00034504,0.00026178
3.5439e-05,1.9323e-05,1.468e-05,1.6503e-05,1.6391e-05,1.7829e-05,2.4644e-05,2.6411e-05,1.2485e-05,1.5837e-05,2.8061e-05,2.174e-05,1.0614e-05,4.0294e-06,4.193e-06,2.3651e-05,5.5253e-05,8.0013e-05,8.9066e-05,6.8152e-05,2.1897e-05,5.2162e-06,3.7876e-05,9.8684e-05,0.00016907,0.00021598,0.00025058,0.00030081,0.00034423,0.00037473,0.00032499,0.00025425
5.1708e-05,2.8205e-05,2.399e-05,2.6135e-05,2.4418e-05,2.0986e-05,2.3428e-05,2.6787e-05,1.4988e-05,1.5719e-05,3.0157e-05,1.9227e-05,8.1831e-06,3.7492e-06,5.3767e-06,2.1574e-05,5.5958e-05,8.669e-05,9.2527e-05,6.2435e-05,1.998e-05,7.4854e-06,3.4519e-05,7.9199e-05,0.00013733,0.00020205,0.00025305,0.00027512,0.00028529,0.00030475,0.00028187,0.0002241
7.8607e-05,4.6366e-05,4.0437e-05,4.041e-05,3.1206e-05,2.0684e-05,1.9336e-05,2.2737e-05,1.4514e-05,1.3975e-05,2.826e-05,1.809e-05,6.8304e-06,4.1089e-06,7.7581e-06,2.053e-05,6.0481e-05,0.00010064,9.8383e-05,6.0486e-05,2.1341e-05,9.7518e-06,3.408e-05,7.8079e-05,0.00013133,0.00019415,0.00024127,0.00023643,0.00022367,0.00022641,0.00022713,0.00020451
8.5551e-05,6.4713e-05,5.8348e-05,5.1835e-05,3.8064e-05,2.5676e-05,2.2417e-05,2.2695e-05,1.557e-05,1.8627e-05,3.2697e-05,1.6828e-05,4.1906e-06,3.1676e-06,8.9099e-06,1.9856e-05,6.4422e-05,0.00011648,0.00011526,7.2959e-05,2.9168e-05,1.2232e-05,3.7342e-05,8.5209e-05,0.0001287,0.00017377,0.00020702,0.00020517,0.00019468,0.00018412,0.00020107,0.00020725
6.5009e-05,6.4532e-05,6.4861e-05,5.1962e-05,3.7602e-05,3.0994e-05,3.0278e-05,2.7828e-05,1.9362e-05,2.8417e-05,4.4599e-05,1.8232e-05,2.1196e-06,2.4565e-06,7.7509e-06,1.5512e-05,5.7889e-05,0.00011366,0.00012475,8.5561e-05,3.4432e-05,1.4039e-05,3.648e-05,7.7687e-05,0.00011888,0.0001654,0.00020262,0.00021466,0.00020413,0.00017609,0.00019756,0.00022807
1.6205e-05,3.4791e-05,4.4374e-05,3.8753e-05,3.1121e-05,3.0167e-05,3.2464e-05,2.8348e-05,1.8649e-05,3.0351e-05,4.6788e-05,2.2009e-05,3.5933e-06,4.3443e-06,7.4783e-06,1.002e-05,5.0654e-05,0.00010689,0.00012652,8.6591e-05,3.4104e-05,1.1732e-05,3.4029e-05,7.2007e-05,0.00012616,0.00018778,0.00022078,0.00023104,0.00020865,0.00017928,0.00020747,0.00027522
1.6068e-05,7.7458e-06,2.3489e-05,2.6086e-05,2.7718e-05,3.2546e-05,3.611e-05,2.8211e-05,2.2109e-05,3.7257e-05,4.8222e-05,2.3378e-05,6.7851e-06,9.0444e-06,1.0893e-05,6.3234e-06,4.7463e-05,0.00010658,0.00012845,9.5761e-05,3.9404e-05,9.7271e-06,3.6063e-05,7.9432e-05,0.00014293,0.00020007,0.00021632,0.00022052,0.0002142,0.00021329,0.0002619,0.00033068
1.0288e-05,6.4736e-06,1.1396e-05,1.9308e-05,2.5533e-05,2.9991e-05,3.2485e-05,3.2064e-05,3.9154e-05,6.708e-05,6.879e-05,2.7284e-05,9.3325e-06,1.5724e-05,1.8001e-05,3.2531e-06,4.3856e-05,9.8537e-05,0.0001278,0.0001093,5.0551e-05,1.1397e-05,3.9083e-05,7.7628e-05,0.00012731,0.00018143,0.00020961,0.00022825,0.00026074,0.00030282,0.00035575,0.00036947
5.5826e-05,2.2467e-05,5.4199e-06,8.5141e-06,1.0076e-05,1.2068e-05,1.6964e-05,3.1427e-05,4.948e-05,9.1302e-05,9.7811e-05,3.9933e-05,1.3595e-05,2.4456e-05,2.6323e-05,2.5796e-06,4.4807e-05,9.711e-05,0.00013558,0.00011899,5.2546e-05,1.3677e-05,3.8995e-05,6.6233e-05,0.00010509,0.00017378,0.00023694,0.00027315,0.00031777,0.00038205,0.00042072,0.00040482
0.00014669,0.00011272,8.3023e-05,6.6459e-06,8.3115e-06,1.0282e-06,7.6185e-06,3.076e-05,5.1104e-05,8.6271e-05,0.00010312,4.9811e-05,1.791e-05,3.6574e-05,4.0727e-05,1.2301e-06,4.0484e-05,0.00010382,0.00014246,0.00012047,4.7686e-05,1.3174e-05,4.4522e-05,7.3244e-05,0.00010345,0.00017231,0.00025447,0.00029887,0.0003317,0.0003956,0.00044906,0.00045933
1.1766e-05,9.8944e-05,0.00016258,0.00012938,2.2417e-05,2.2286e-05,1.3679e-05,2.7401e-05,5.3409e-05,8.385e-05,8.9142e-05,4.5496e-05,1.9128e-05,5.0062e-05,5.8514e-05,3.3535e-06,3.0391e-05,9.7402e-05,0.00013391,0.00011535,4.614e-05,1.4214e-05,5.5575e-05,8.8913e-05,0.00010237,0.00015518,0.00024454,0.00030471,0.00035668,0.00043536,0.00052289,0.00053932
0.00029499,5.9593e-05,3.5029e-06,0.00012624,0.00015896,0.00025614,6.4129e-06,8.8583e-06,3.5887e-05,8.2946e-05,7.7495e-05,3.6104e-05,1.8605e-05,5.6016e-05,6.7114e-05,4.8093e-06,2.6816e-05,9.2254e-05,0.0001337,0.00011621,4.6132e-05,1.8675e-05,6.5605e-05,9.3466e-05,9.9039e-05,0.00014874,0.00025424,0.00034205,0.00042373,0.00052455,0.00061736,0.0005901
0.0010104,0.00063941,0.00027674,0.0002149,0.00018948,1.2105e-05,2.2076e-06,8.0669e-07,1.5639e-05,6.8488e-05,7.7639e-05,3.2991e-05,1.7708e-05,5.2363e-05,6.8643e-05,4.1581e-06,3.2888e-05,0.00011687,0.00017412,0.00012905,3.6406e-05,2.47e-05,7.8372e-05,0.00010551,0.0001187,0.00017554,0.00027965,0.00036879,0.00044395,0.00053893,0.00063007,0.00059333
0.00089017,0.0011822,0.0010358,0.00068757,0.00035344,7.4367e-05,4.9336e-06,4.2504e-07,7.6431e-06,5.7095e-05,8.4019e-05,3.4855e-05,1.7116e-05,5.0015e-05,7.2157e-05,4.6456e-06,3.6669e-05,0.00013264,0.00019291,0.00011181,1.8997e-05,3.2849e-05,9.6527e-05,0.00012898,0.00015298,0.00020077,0.00027467,0.00034042,0.00039136,0.00048189,0.00060011,0.00063129
0.00038912,0.00062278,0.0008672,0.00060323,0.00036079,8.5298e-05,5.2181e-07,1.9823e-06,5.3818e-06,4.6674e-05,7.7783e-05,3.454e-05,1.667e-05,4.7585e-05,6.6258e-05,4.022e-06,3.5984e-05,0.00012001,0.00016833,8.3222e-05,8.5684e-06,3.5043e-05,9.7966e-05,0.00013734,0.00016883,0.0002019,0.00025956,0.00032349,0.00038301,0.00047824,0.00060812,0.00069934
0.00033219,0.00020092,0.00027202,1.9358e-05,9.2295e-06,4.8544e-05,2.4728e-06,2.6302e-05,5.391e-06,3.8092e-05,6.6398e-05,3.3702e-05,1.5894e-05,4.0442e-05,5.7801e-05,1.9936e-06,4.1289e-05,0.00010498,0.00014841,7.5327e-05,4.8938e-06,3.0427e-05,9.6667e-05,0.00014731,0.00018583,0.00022056,0.00027274,0.00034297,0.00041019,0.00049173,0.00059171,0.00069871
8.3602e-05,4.4811e-06,6.5191e-06,1.5802e-05,3.088e-05,2.0752e-05,9.8042e-05,6.6292e-05,6.1601e-06,3.3886e-05,6.3728e-05,3.645e-05,1.6508e-05,3.86e-05,5.733e-05,1.6797e-06,4.3719e-05,9.544e-05,0.00012703,6.9805e-05,2.8303e-06,3.266e-05,0.00011781,0.00018242,0.00021658,0.00023393,0.00026392,0.00030846,0.00034989,0.00041191,0.00051018,0.00065971
3.6871e-06,2.4005e-06,8.1852e-06,3.2071e-05,6.7577e-05,4.9094e-05,0.00058375,0.00016736,7.6322e-06,3.4348e-05,5.9678e-05,3.8188e-05,2.1582e-05,4.4143e-05,5.7361e-05,2.5051e-06,3.4832e-05,7.9597e-05,9.3266e-05,4.7475e-05,9.1139e-07,3.4727e-05,0.00013233,0.00020844,0.00022539,0.00021842,0.00021508,0.00023212,0.00026474,0.00034268,0.00047666,0.00068547
3.0364e-06,7.6082e-06,1.5037e-05,2.7329e-05,4.8472e-05,3.2173e-05,0.00053208,0.00013603,4.6577e-06,2.9617e-05,5.1088e-05,3.2182e-05,2.2764e-05,4.4213e-05,5.3866e-05,2.3706e-06,2.9953e-05,7.3208e-05,7.4845e-05,3.7214e-05,2.5011e-06,2.1843e-05,0.0001135,0.00020338,0.00022471,0.00020845,0.00020147,0.00021604,0.00024705,0.00033598,0.00048104,0.00068939
1.268e-06,8.4004e-06,1.1557e-05,9.669e-06,1.2022e-05,0.00048248,0.00048889,0.00024265,0.00020457,3.1306e-05,4.9217e-05,2.2982e-05,1.4629e-05,4.23e-05,7.0151e-05,6.4822e-06,2.0793e-05,5.9723e-05,6.4672e-05,4.2365e-05,7.0398e-06,1.7375e-05,0.00011222,0.00021121,0.0002328,0.0002063,0.00020158,0.00021785,0.0002435,0.0003007,0.00039391,0.00055564
1.5449e-06,3.4595e-06,6.3445e-06,2.2726e-06,2.028e-06,7.7541e-05,1.3176e-05,1.2861e-05,0.00034043,3.2446e-05,4.4919e-05,1.687e-05,6.2825e-06,4.1469e-05,9.3095e-05,2.0591e-05,7.6028e-06,3.8846e-05,5.2225e-05,3.3629e-05,4.0203e-06,2.5536e-05,0.00012016,0.00021693,0.00023135,0.00020513,0.00018905,0.0001859,0.00020096,0.0002309,0.00028201,0.00043212
3.5889e-06,5.8735e-06,1.2269e-05,9.8174e-06,1.1527e-05,4.0572e-06,5.8156e-06,1.4402e-05,0.00075389,0.00065456,1.854e-05,1.0933e-05,4.604e-06,3.5611e-05,9.3725e-05,3.5432e-05,1.2305e-06,3.0984e-05,4.3916e-05,1.6228e-05,5.3906e-06,2.7601e-05,8.8389e-05,0.00020379,0.00025734,0.0002337,0.00019392,0.00016329,0.00017106,0.0002103,0.00025067,0.00040714
8.8234e-07,3.0615e-06,9.2607e-06,1.5977e-05,2.657e-05,2.346e-05,2.0713e-07,1.3043e-05,0.00098677,0.0014652,0.00018197,3.5071e-06,6.0302e-06,3.6489e-05,0.00011972,7.7044e-05,4.3311e-06,1.218e-05,2.6185e-05,9.9709e-06,8.4857e-06,2.4646e-05,6.8853e-05,0.00017803,0.00027548,0.00026949,0.00021934,0.00017045,0.00016846,0.00020587,0.0002317,0.00035488
1.1177e-05,3.026e-05,3.0974e-06,7.5586e-06,2.0969e-05,3.0122e-05,3.3141e-06,2.2732e-05,7.5812e-05,6.95e-05,5.906e-06,4.2767e-05,9.4585e-06,6.1464e-05,0.00016404,0.00012259,2.9268e-05,2.4071e-06,7.517e-06,4.5351e-06,9.6358e-06,3.3523e-05,8.2014e-05,0.00017853,0.00026497,0.00025632,0.00023535,0.00018539,0.00014191,0.00015004,0.00016675,0.00024149
4.0946e-06,8.0063e-06,6.295e-06,1.0205e-06,1.1785e-05,3.195e-05,6.3143e-06,4.3345e-05,0.00029954,0.00025162,1.6112e-05,0.00023295,2.4126e-05,8.3054e-05,9.5754e-05,4.0125e-05,1.2151e-05,1.0494e-06,2.703e-05,2.758e-07,6.9319e-06,3.7223e-05,6.8253e-05,0.00014809,0.00025769,0.00027962,0.00026274,0.00023918,0.00014664,0.0001106,0.00012883,0.00018194
1.8877e-06,1.0287e-08,2.1724e-07,2.2938e-06,1.1575e-05,4.32e-05,1.4631e-05,5.2922e-05,0.00064676,0.00062083,4.342e-05,1.1962e-05,1.8745e-05,2.9592e-05,1.0705e-05,0.00031544,0.00040703,0.00076344,0.00059639,9.7908e-05,8.9999e-05,6.0267e-06,1.9816e-05,9.2953e-05,0.00035068,0.00050335,0.00042651,0.00030902,0.00018254,0.00010475,0.000136,0.00020719
1.6238e-07,1.073e-06,3.601e-06,1.0763e-05,1.4866e-05,4.5565e-05,2.1371e-05,3.0076e-05,0.00062842,0.00067135,4.9221e-05,0.00014156,3.1709e-05,2.844e-05,0.00016244,0.00092622,0.0014918,0.00091411,0.00045262,0.00020833,0.00010923,4.5727e-05,1.8836e-06,2.9493e-05,0.00024694,0.00055353,0.00044703,0.00037634,0.0002419,0.00014371,0.00018285,0.00030613
2.2634e-06,3.0228e-06,5.6827e-06,1.5982e-05,1.681e-05,3.5161e-05,1.8097e-05,1.0677e-05,0.00039387,0.00044895,0.0010713,0.00012001,8.236e-05,6.2602e-05,0.00022988,0.00045728,0.00019319,6.495e-05,8.2132e-05,0.00011098,0.00010132,2.0283e-05,7.4739e-06,1.235e-05,5.2495e-05,0.00026819,0.0003759,0.00036479,0.00036665,0.00029252,0.00031975,0.00038836
5.0722e-06,5.9483e-06,5.6029e-06,1.6156e-05,2.3839e-05,2.326e-05,1.0965e-05,4.5004e-06,0.00018965,0.00020919,0.0013174,0.00052406,0.00032188,0.00011363,0.00017289,0.0001562,0.0001015,6.8888e-05,0.00010039,0.00013347,0.00015461,5.4317e-05,6.9448e-05,8.3071e-05,2.7757e-05,7.4268e-05,0.00027996,0.00040957,0.00031558,0.00016574,0.00013632,0.00015307
1.0824e-05,1.2737e-05,1.1188e-05,1.3345e-05,3.2449e-05,2.0548e-05,4.9892e-06,3.4773e-06,6.8619e-05,6.1678e-05,0.00065795,0.00021829,9.4882e-05,7.2806e-05,0.00010295,0.00011235,0.00010693,7.0277e-05,6.0265e-05,0.00012245,0.00024933,9.1792e-05,8.7001e-05,0.00019735,6.3025e-06,1.4853e-05,3.2352e-05,3.9118e-05,1.4206e-05,6.2465e-06,1.5311e-05,0.00099069
1.4165e-05,1.5415e-05,1.9088e-05,1.6054e-05,2.4809e-05,1.898e-05,3.2997e-06,5.1137e-06,2.8727e-05,1.3471e-05,0.00014482,8.4454e-05,0.00016097,8.5803e-05,3.8785e-05,3.8644e-05,6.4119e-05,5.3139e-05,7.4265e-05,7.6749e-05,0.00021505,0.00019157,3.2244e-05,0.00024041,4.8964e-05,1.1052e-05,4.4322e-05,9.478e-05,0.00012551,9.7823e-05,0.00055324,0.0019186
1.4906e-05,1.5077e-05,2.5628e-05,2.7419e-05,1.5673e-05,9.4715e-06,3.9889e-06,6.6703e-06,1.9258e-05,6.2493e-06,0.00016821,0.00018048,0.00025796,0.00012095,2.5408e-05,2.7046e-05,4.2995e-05,3.9169e-05,6.9176e-05,9.4996e-05,0.00011233,0.00023099,4.6112e-05,0.00012068,0.00012561,0.00017456,0.00059955,0.00065063,0.00056852,0.00024075,0.00034959,0.00067545
1.4186e-05,1.5644e-05,3.0765e-05,3.7866e-05,1.471e-05,3.3577e-06,4.7205e-06,6.8209e-06,1.0853e-05,3.8593e-06,1.6807e-06,0.00023284,0.00070824,0.00024472,8.3269e-05,6.4722e-05,6.5416e-05,4.4072e-05,6.2585e-05,8.1756e-05,9.9084e-05,0.00014315,0.00013819,9.4291e-05,0.00021312,0.00012154,0.00010506,5.0082e-05,1.9213e-05,3.2464e-06,1.1469e-05,2.4281e-05
1.2141e-05,1.8737e-05,3.3118e-05,3.4425e-05,1.1417e-05,1.4945e-06,9.4128e-06,9.0911e-06,4.8273e-06,3.826e-06,0.00019898,0.00030077,0.00068915,0.00044931,0.0001766,8.2849e-05,7.3494e-05,4.9981e-05,6.0173e-05,0.00010782,0.00013455,0.00014661,0.00015427,0.00021301,0.00026478,0.00027017,0.00041491,0.00075968,0.0010498,0.0011079,0.00095782,0.00037553
1.2501e-05,2.2028e-05,3.272e-05,2.6733e-05,6.8849e-06,1.6795e-06,1.8306e-05,1.5729e-05,3.6332e-06,6.1954e-06,8.1107e-06,0.00056724,0.00020221,0.00012995,0.00010345,6.8235e-05,6.4569e-05,4.1153e-05,5.6772e-05,0.00013111,0.00018802,0.0002381,0.00024194,0.00040382,0.00061154,0.00072835,0.0017365,0.0029294,0.0037217,0.0035857,0.0020494,0.0010363
1.0372e-05,1.8957e-05,3.0671e-05,2.2197e-05,3.7209e-06,3.5257e-06,2.7364e-05,2.9259e-05,6.4196e-06,7.4714e-06,1.5243e-05,8.3845e-06,2.4146e-05,7.985e-06,1.8744e-05,2.9757e-05,6.0724e-05,3.6489e-05,5.0724e-05,0.00010947,0.00020177,0.00031547,0.00045415,0.00049148,0.0006148,0.00076708,0.0019098,0.0028514,0.0027137,0.0022092,0.0021156,0.0016302
