0.00022653,0.00018616,0.0022521,0.0039287,0.0032245,0.00085515,0.00036811,0.0009954,0.0026715,4.5623e-05,9.4843e-05,0.00011581,0.0029574,0.00030093,1.0767e-07,2.0228e-05,6.4541e-05,7.2147e-06,4.712e-05,8.2563e-05,7.4547e-05,4.368e-05,2.8299e-05,1.7374e-05,4.7912e-06,2.3238e-06,1.7684e-05,5.466e-05,9.0901e-05,0.000134,0.00015327,0.00017359
0.00089572,0.00044148,0.0011306,0.0051611,0.0026428,0.00021841,0.00050079,0.00088691,0.0013077,0.00087561,4.8428e-05,0.00014222,0.00011063,0.0015416,0.00020526,6.9071e-05,9.5849e-05,0.00024747,1.1365e-05,2.3908e-05,2.0765e-05,1.7941e-05,2.0788e-05,1.7311e-05,5.316e-06,4.9282e-06,1.8657e-05,5.4785e-05,9.6936e-05,0.00014797,0.00018917,0.00021744
0.0017207,0.0010811,0.0026528,0.0051464,0.0014052,0.00041586,0.0022634,0.0031034,0.0012229,0.0003738,0.00042005,0.00013074,0.00034751,0.00022753,8.5693e-05,3.1977e-05,8.9288e-06,0.00027367,0.00046564,7.5836e-06,3.932e-06,1.0019e-05,2.223e-05,1.281e-05,8.0877e-07,5.6506e-06,1.9871e-05,5.1865e-05,9.5798e-05,0.0001495,0.00020793,0.00025819
0.0008834,0.0028071,0.0042495,0.0026524,0.00033013,0.00010089,0.00023285,0.0050823,0.001277,0.00066973,0.00090976,0.00017719,0.00072112,0.00074896,0.00038728,0.00012336,3.1482e-05,2.4057e-05,1.8891e-05,0.0001651,5.9949e-06,1.7195e-05,3.0225e-05,1.6194e-05,2.0835e-06,7.2611e-06,1.6801e-05,4.3116e-05,9.8735e-05,0.00015351,0.00021234,0.00028536
0.00097959,0.0022095,0.0026292,0.00022794,0.00085647,0.00017369,0.00035796,0.00023252,0.0016257,0.0036244,0.00011888,0.00053964,0.0011966,0.00091116,0.00033601,6.5039e-05,2.6831e-05,7.3636e-05,6.7738e-05,1.9379e-05,8.7839e-06,2.4994e-05,4.0428e-05,2.5796e-05,1.7078e-05,1.8519e-05,1.8354e-05,3.7907e-05,0.00010664,0.00017131,0.00021737,0.00029097
0.0015139,0.0014035,0.00018939,0.00076428,0.00089346,0.00018187,0.00041971,0.00038112,0.00032995,0.00038697,0.00056667,0.00096342,0.0013522,0.00069906,0.00010836,0.0004108,0.00030232,3.8667e-05,8.1197e-05,3.5981e-05,1.2273e-05,3.2695e-05,4.8032e-05,2.8912e-05,3.0834e-05,3.8051e-05,2.7427e-05,3.0187e-05,8.1271e-05,0.00014585,0.00018827,0.00025045
0.00070477,0.00013935,0.00044941,0.0023142,0.0008136,0.00028282,0.00070879,0.0007152,0.00056797,0.00050112,0.00049031,0.00074677,0.0010726,0.00043516,0.0016069,5.6747e-05,0.00030758,0.0010556,6.2637e-05,5.4421e-05,2.2218e-05,4.0064e-05,4.7264e-05,2.5058e-05,3.2258e-05,5.3001e-05,3.707e-05,2.6328e-05,5.1964e-05,9.9838e-05,0.00015367,0.00020914
0.00011043,0.00061259,0.0021446,0.0011125,0.0002109,0.00071888,0.0014186,0.0012158,0.00065023,0.00032199,0.00024627,0.00049817,0.00062698,0.00014256,0.00041033,0.00016643,0.00042451,0.00084681,7.7487e-05,0.00010437,3.6884e-05,4.2634e-05,5.3018e-05,3.3618e-05,5.172e-05,0.00010002,8.8181e-05,4.6861e-05,0.00056446,0.000896,0.0026818,0.00017623
0.00032672,0.00084501,0.0014273,0.0032251,0.00048876,0.0011479,0.0016464,0.0012243,0.00051658,0.00023548,0.00021604,0.00037568,0.00023062,0.0011974,0.00012849,0.00016916,0.0003736,0.00046729,0.00012916,0.00017764,4.058e-05,3.9735e-05,7.7945e-05,6.0756e-05,9.6463e-05,0.00019951,0.00018746,0.001317,0.0011414,0.0012575,0.0022432,0.0021923
0.00073711,0.0023892,0.0026246,0.0003258,0.00056215,0.00077322,0.000921,0.00061882,0.00025189,0.00017516,0.00022429,0.00029596,9.4868e-05,0.00035592,3.6924e-06,0.00098601,2.8878e-05,2.1746e-05,0.00016731,0.00023759,3.4728e-05,3.2648e-05,0.00010951,0.00010939,0.00015041,0.0002698,0.00025171,0.001803,0.0013763,0.0012899,0.0013779,0.0025326
0.00093404,0.0037932,0.00049045,0.00064262,0.00050313,0.00037835,0.00041419,0.00025827,0.00014499,0.00015694,0.00026777,0.00028,0.00010489,3.7452e-05,5.5308e-05,0.00013697,8.7723e-05,0.0017198,0.00013901,0.00021715,2.6826e-05,3.5613e-05,0.00016765,0.00018187,0.00017067,0.00023725,0.0018466,0.0013216,0.0010884,0.00080295,0.00085066,0.0013213
0.00026821,0.00069236,0.001313,0.0010728,0.00049279,0.00030111,0.00029558,0.00020188,0.00015505,0.00022252,0.00032676,0.00021147,0.0001009,7.6797e-05,0.00014342,0.00024161,9.5121e-05,0.0014377,8.8986e-05,0.00013716,1.6585e-05,5.0727e-05,0.00024005,0.00020046,0.00014082,0.00015557,0.00093002,0.0010002,0.00068588,0.00055853,0.00049738,0.00072375
0.00072396,0.0013998,0.0017854,0.0011924,0.0005504,0.00037949,0.00038456,0.00030664,0.00028364,0.00037179,0.000288,8.9336e-05,4.9735e-05,7.4883e-05,0.00017918,0.00021744,8.3403e-05,2.6037e-05,6.6543e-05,8.7236e-05,1.1978e-05,6.7472e-05,0.00028419,0.00017829,7.9467e-05,0.001331,0.00052908,0.0004593,0.00049658,0.00073956,0.00050292,0.00031917
0.0010251,0.0014527,0.0014921,0.0010495,0.00062436,0.00052893,0.00056526,0.00051668,0.00051992,0.0005205,0.00027368,0.004462,0.0033162,0.00013758,0.00027568,0.0002259,7.9485e-05,4.3059e-05,8.4594e-05,7.9758e-05,5.9435e-06,9.1635e-05,0.00030265,0.00019926,0.0018266,0.00064247,0.00022399,0.00032982,0.00048636,0.00090608,0.00041199,8.6838e-05
0.0010274,0.0011791,0.0011058,0.0008572,0.0006684,0.00065669,0.00072977,0.00076549,0.00074436,0.00064302,0.00043665,0.00024008,0.00025458,0.00039793,0.00041018,0.0002085,5.7645e-05,7.1975e-05,0.00014239,8.3831e-05,1.095e-06,9.5832e-05,0.00030662,0.00030129,0.0022134,0.00083084,0.0002557,0.00038312,0.00047365,0.00076952,0.00015508,2.4663e-05
0.00081391,0.0008991,0.0008073,0.00068203,0.00062609,0.0006704,0.00080176,0.00090368,0.00084503,0.00069597,0.00058508,0.0004846,0.0004397,0.00041589,0.00029109,0.00011578,2.0127e-05,4.8432e-05,0.00013083,8.6675e-05,4.803e-06,6.6968e-05,0.00019109,0.00021573,0.0029826,0.0017018,0.00043944,0.00046245,0.00064055,0.00065942,0.00014098,0.00014547
0.00062732,0.0006675,0.00059276,0.00052829,0.00053152,0.00061553,0.00075475,0.00087466,0.00084541,0.00064425,0.00044279,0.00031444,0.00022811,0.00016678,0.00010685,3.6472e-05,2.3234e-06,1.3121e-05,9.128e-05,0.00012502,3.2841e-05,2.2506e-05,0.00083324,0.0016144,0.0025764,0.0017068,0.0006654,0.00028825,0.00059058,0.0005701,0.00038012,0.00027035
0.00048261,0.00045765,0.00042634,0.00041042,0.00044196,0.00052615,0.00065314,0.00078381,0.00077859,0.00052871,0.00026539,0.00015474,0.00010925,7.5975e-05,5.1018e-05,1.7042e-05,0.000106,0.00040075,7.7825e-05,0.00020199,0.00012281,3.0621e-05,0.00095936,0.0011713,0.0022327,0.0016734,0.0011506,0.00072372,0.00063844,0.00055784,0.00056223,0.00043906
0.00039284,0.00033141,0.00034079,0.00034913,0.00037034,0.00046237,0.00058295,0.00065842,0.00062349,0.00038869,0.0001816,0.0001247,9.6518e-05,6.6407e-05,5.2454e-05,2.923e-05,7.4188e-06,7.0635e-06,4.638e-05,0.00018888,0.00018176,7.6552e-05,0.001745,0.0023113,0.0027522,0.0023464,0.0014915,0.0011647,0.00082106,0.00051742,0.00025929,0.0005105
0.00034064,0.00030497,0.00029748,0.00027665,0.00029047,0.00038252,0.00048892,0.00052463,0.00046163,0.00026567,0.00015793,0.00015412,0.00013181,8.8193e-05,6.6496e-05,4.2179e-05,9.6432e-06,0.00018318,0.0006307,7.8778e-05,0.00019492,0.00014332,9.2865e-05,0.00018388,0.0051767,0.0027564,0.0010691,0.0013426,0.00061978,0.00043662,0.00033799,0.00040105
0.00027187,0.00023577,0.00021091,0.00018841,0.00020602,0.00027845,0.00037973,0.00043013,0.00034628,0.00020559,0.00020097,0.00021343,0.0001785,0.00011586,7.3806e-05,4.2515e-05,5.7282e-06,5.7787e-05,0.00024191,0.00097796,0.00015148,0.00023035,6.3389e-05,0.00020593,0.00030135,0.0034787,0.0016722,0.0013802,0.0011174,0.00035253,0.00017698,0.00027257
0.00019457,0.00014188,0.00011887,0.0001142,0.00014115,0.00019628,0.00026561,0.00030477,0.0002278,0.00018581,0.00028381,0.00028159,0.00021172,0.0001362,8.1595e-05,4.4215e-05,4.9356e-06,5.686e-05,0.00015715,0.00046582,8.0831e-05,0.00020258,4.2496e-05,2.5746e-05,0.00010085,0.0018961,0.0018183,0.0013788,0.0013876,0.0010439,0.00028792,0.00033708
0.00013873,8.1512e-05,5.3247e-05,5.1254e-05,7.6494e-05,0.0001092,0.00014587,0.00016504,9.922e-05,0.00014209,0.00032721,0.00034891,0.00024677,0.00015316,9.348e-05,4.9761e-05,8.7539e-06,3.1528e-06,0.00015423,0.0002172,0.0018694,0.00013724,0.0012806,0.00021081,0.00025676,0.00074723,0.0013958,0.00099244,0.0010351,0.0010443,0.00080123,0.0005594
9.7936e-05,5.1806e-05,2.4243e-05,1.5694e-05,1.9296e-05,3.7417e-05,7.1993e-05,6.9151e-05,1.7717e-05,0.00012345,0.00036444,0.00042304,0.00029377,0.00017131,0.00010427,5.2344e-05,1.4324e-05,1.8371e-05,0.00063746,0.00025394,2.8647e-05,0.00010763,8.0022e-05,3.9029e-05,0.00097267,0.001251,0.0012784,0.00043634,0.00042517,0.00050064,0.00056794,0.0017528
8.7719e-05,4.815e-05,1.6118e-05,4.3733e-06,2.2571e-07,1.1265e-05,3.6402e-05,1.9284e-05,1.201e-05,0.00017853,0.00039841,0.00044108,0.00031863,0.00018314,0.00011169,6.2022e-05,2.8186e-05,5.5943e-05,6.4908e-05,0.0014063,2.649e-05,4.5596e-05,4.846e-05,4.7688e-05,7.1793e-05,5.4119e-05,0.0011602,0.00082079,0.00040393,0.00033596,0.00027772,0.0010743
0.00010302,4.7364e-05,1.3589e-05,3.2427e-06,2.9069e-06,1.4931e-05,2.5284e-05,6.3701e-06,5.0204e-05,0.00023611,0.00035115,0.00035505,0.00029845,0.00018634,0.00012054,8.2589e-05,5.2708e-05,0.00011477,0.00027819,0.00014706,0.0016128,3.7699e-05,3.5407e-05,2.9693e-05,4.2024e-05,5.4144e-05,0.001222,0.0010033,0.0005067,0.00018942,8.3307e-05,0.000429
0.00012101,5.1514e-05,1.0928e-05,2.3905e-06,9.6535e-06,1.909e-05,2.1862e-05,1.5114e-05,6.6396e-05,0.00019624,0.00023926,0.00024945,0.00026043,0.00019368,0.00013367,9.5819e-05,6.2728e-05,0.00012648,0.00043959,0.00045607,0.00020199,9.7045e-05,6.0614e-05,3.7938e-05,4.1893e-05,6.1889e-05,6.4389e-05,4.1158e-05,0.00058941,0.00024487,0.00017521,0.00026661
0.00011255,3.8424e-05,2.4114e-06,5.2713e-06,1.6661e-05,1.7421e-05,1.603e-05,1.6416e-05,4.1035e-05,0.00010046,0.00012521,0.00014849,0.00020757,0.00020629,0.00015583,0.0001002,5.7927e-05,7.8632e-05,0.0002704,0.00046222,0.00038895,0.00026359,0.00015473,7.0881e-05,5.6092e-05,7.6135e-05,7.1763e-05,4.2708e-05,1.4149e-05,0.00037356,0.00023205,0.001175
7.1676e-05,1.6819e-05,8.8269e-07,7.5319e-06,1.3754e-05,1.0198e-05,7.1103e-06,9.0339e-06,1.8005e-05,3.3066e-05,4.1113e-05,6.5667e-05,0.00014738,0.00021003,0.00019479,0.00011892,5.7673e-05,4.9861e-05,0.00011118,0.00023246,0.00034331,0.00036964,0.00025586,0.00014861,9.8739e-05,9.2089e-05,7.1629e-05,5.1905e-05,3.0046e-05,1.2615e-05,2.0908e-05,4.9715e-05
3.8539e-05,8.6409e-06,3.3469e-06,5.7673e-06,6.1705e-06,5.0308e-06,2.8971e-06,2.9264e-06,6.0725e-06,7.1302e-06,7.1919e-06,2.7652e-05,0.00012295,0.00022201,0.00023456,0.0001418,5.8454e-05,3.7789e-05,5.8578e-05,0.00010767,0.00020006,0.0003036,0.00026881,0.0002116,0.00018069,0.00013567,9.5305e-05,7.2794e-05,5.095e-05,2.5713e-05,3.2027e-05,5.5848e-05
2.8398e-05,1.1768e-05,4.7172e-06,3.4081e-06,3.173e-06,4.8575e-06,3.9966e-06,5.4366e-07,6.9405e-07,1.8579e-06,7.0138e-06,2.9525e-05,0.00013935,0.00025124,0.00025278,0.00014399,5.283e-05,2.9347e-05,4.083e-05,6.6378e-05,0.00012073,0.00020987,0.00022401,0.00020362,0.00020038,0.00016645,0.00011923,9.1414e-05,5.7355e-05,3.7646e-05,5.4727e-05,7.0352e-05
3.192e-05,1.4501e-05,3.3667e-06,2.6157e-06,4.4892e-06,7.1789e-06,7.2563e-06,2.7592e-06,9.2396e-07,1.0182e-06,1.1017e-05,5.0453e-05,0.00017254,0.00027664,0.00024177,0.0001227,4.2291e-05,2.2993e-05,3.3234e-05,5.3437e-05,8.3927e-05,0.00013254,0.00016182,0.00015409,0.00015083,0.00014958,0.00013962,0.00011076,5.9379e-05,3.6003e-05,5.348e-05,7.8543e-05
3.7991e-05,1.6214e-05,3.6187e-06,3.4217e-06,1.0172e-05,1.4701e-05,1.0986e-05,4.4616e-06,7.5725e-06,1.1573e-05,1.7625e-05,6.9361e-05,0.00019792,0.00026797,0.00020277,8.846e-05,2.8201e-05,2.1704e-05,4.0574e-05,5.5277e-05,7.0747e-05,9.2674e-05,0.0001169,0.00010992,9.4185e-05,0.00010298,0.00012971,0.0001333,7.7061e-05,4.5365e-05,5.5605e-05,7.5334e-05
4.7073e-05,1.8339e-05,5.9207e-06,9.8129e-06,2.5562e-05,3.0261e-05,1.5988e-05,9.0552e-06,2.4713e-05,3.5373e-05,2.8516e-05,7.2752e-05,0.00018717,0.00022674,0.00015814,6.3969e-05,1.8756e-05,2.1425e-05,5.3291e-05,7.0287e-05,6.7773e-05,7.8555e-05,9.3147e-05,9.2312e-05,7.3514e-05,7.0235e-05,9.0695e-05,0.00011962,9.3334e-05,6.5095e-05,7.6003e-05,9.7768e-05
6.2915e-05,2.2906e-05,1.1827e-05,2.5855e-05,4.8677e-05,4.0375e-05,1.8014e-05,2.9149e-05,5.1337e-05,5.2937e-05,3.3853e-05,6.2382e-05,0.00014083,0.00017085,0.00012283,5.6419e-05,1.7413e-05,1.7872e-05,5.0875e-05,7.292e-05,6.3412e-05,6.8162e-05,7.8127e-05,7.8191e-05,6.8666e-05,5.7812e-05,6.4723e-05,9.1309e-05,9.1044e-05,7.3362e-05,9.8165e-05,0.00014211
8.6466e-05,3.6222e-05,2.8343e-05,4.6153e-05,5.8995e-05,2.9922e-05,2.1778e-05,6.5598e-05,8.5095e-05,7.2256e-05,4.2196e-05,5.4276e-05,0.00010477,0.00012969,9.6141e-05,5.159e-05,1.8937e-05,1.2462e-05,3.8482e-05,6.2663e-05,5.2093e-05,5.2477e-05,6.7571e-05,7.3839e-05,7.6101e-05,6.0651e-05,5.6814e-05,6.9018e-05,7.1705e-05,6.2679e-05,9.1045e-05,0.00015713
0.00012785,6.6896e-05,5.7193e-05,6.409e-05,5.2045e-05,1.7829e-05,3.5911e-05,9.4536e-05,0.00010961,0.0001011,6.1845e-05,5.6503e-05,9.3032e-05,0.00010629,6.978e-05,3.8074e-05,1.8842e-05,1.2205e-05,3.3918e-05,6.1456e-05,4.6649e-05,3.3076e-05,4.8694e-05,7.057e-05,8.8871e-05,8.7519e-05,6.4223e-05,5.2125e-05,4.4642e-05,4.1687e-05,6.4107e-05,0.00012592
0.00018932,0.00010773,9.0199e-05,7.7344e-05,4.6391e-05,2.2438e-05,6.4123e-05,0.00011685,0.00012404,0.0001246,8.7304e-05,6.8944e-05,8.98e-05,8.1887e-05,4.3354e-05,2.6251e-05,2.1383e-05,2.112e-05,3.972e-05,6.1072e-05,3.5189e-05,1.0788e-05,2.8057e-05,5.6409e-05,8.3221e-05,0.00010963,8.8244e-05,5.4309e-05,3.2278e-05,2.412e-05,2.9505e-05,6.9542e-05
0.00025512,0.00015003,0.00011558,8.6848e-05,4.9094e-05,4.0413e-05,0.000102,0.0001474,0.00014581,0.00014528,0.00010892,8.396e-05,8.0598e-05,5.5614e-05,2.5645e-05,2.1145e-05,2.6498e-05,3.2812e-05,4.9493e-05,6.231e-05,2.4449e-05,2.8125e-06,3.3669e-05,4.7034e-05,6.6981e-05,0.00011087,0.00011613,7.3223e-05,2.8309e-05,1.1321e-05,1.4625e-05,3.0642e-05
0.00031157,0.00019571,0.00014568,0.00010046,5.9113e-05,6.0398e-05,0.00012776,0.00017463,0.00018144,0.00017151,0.00012648,9.3971e-05,7.244e-05,4.3009e-05,2.2278e-05,2.0611e-05,2.8241e-05,4.0075e-05,6.4496e-05,7.9343e-05,2.6337e-05,2.013e-05,9.8308e-05,6.4736e-05,4.4793e-05,8.2821e-05,0.00011022,8.5418e-05,3.2939e-05,3.2271e-06,1.132e-05,2.1464e-05
0.00038771,0.00025585,0.00017825,0.00011358,7.2242e-05,8.0963e-05,0.00014338,0.00019375,0.00021823,0.00020581,0.00014661,0.000102,7.0295e-05,4.5283e-05,3.0393e-05,2.561e-05,2.8111e-05,4.6144e-05,8.5313e-05,0.00010552,3.3636e-05,4.0373e-05,0.00018927,0.00012276,3.5624e-05,4.0943e-05,7.4716e-05,7.9857e-05,4.4713e-05,2.9538e-06,1.1661e-05,2.9275e-05
0.0004716,0.00031045,0.0001992,0.00011991,8.6485e-05,0.00010299,0.00015981,0.00021692,0.00026037,0.00024548,0.00017282,0.00011245,7.4192e-05,5.3278e-05,3.9331e-05,2.9216e-05,2.6591e-05,4.9911e-05,9.8217e-05,0.00011495,3.3434e-05,3.6351e-05,0.00020155,0.00017527,6.0336e-05,1.4394e-05,3.5907e-05,6.9898e-05,6.3661e-05,1.42e-05,9.1307e-06,4.3671e-05
0.00050102,0.00033724,0.00022603,0.00014633,0.00011096,0.00011807,0.00017293,0.00024996,0.00031029,0.00027307,0.00018502,0.00011759,8.3412e-05,6.3412e-05,4.4157e-05,2.8526e-05,2.1256e-05,4.2649e-05,9.3551e-05,0.00010696,3.015e-05,1.8485e-05,0.00014415,0.00018373,9.1172e-05,8.6099e-06,1.0875e-05,5.6134e-05,6.8914e-05,2.9421e-05,7.5744e-06,4.5097e-05
0.00049467,0.00036555,0.00028635,0.00020621,0.00014555,0.00012635,0.00018206,0.00028617,0.00034265,0.00027132,0.00017417,0.00011566,9.3667e-05,7.5032e-05,4.7064e-05,2.4491e-05,1.2794e-05,3.1494e-05,8.1256e-05,9.2005e-05,2.9491e-05,4.8167e-06,7.8123e-05,0.00014861,9.4974e-05,1.7823e-05,7.7471e-06,3.4851e-05,5.4852e-05,3.6171e-05,1.3184e-05,3.7641e-05
0.00051164,0.00040508,0.00033285,0.00024321,0.00016259,0.000132,0.00019699,0.00031428,0.00035822,0.00027143,0.00015929,0.00010385,9.2719e-05,8.0534e-05,4.9319e-05,1.9209e-05,7.1573e-06,2.7964e-05,6.6524e-05,7.449e-05,3.0859e-05,2.8167e-08,2.7409e-05,8.5887e-05,7.2045e-05,2.0846e-05,1.0443e-05,1.9948e-05,4.0109e-05,3.8555e-05,1.9038e-05,3.3219e-05
0.00056296,0.00043508,0.00033429,0.00023617,0.00015955,0.00013857,0.000212,0.00032269,0.00036239,0.00028237,0.00015632,8.9818e-05,8.2858e-05,8.0777e-05,5.322e-05,1.9286e-05,5.9181e-06,2.6508e-05,5.0506e-05,5.7741e-05,3.5304e-05,4.7451e-06,4.7274e-06,3.5707e-05,4.8195e-05,1.6793e-05,8.9178e-06,1.7138e-05,3.7073e-05,4.2929e-05,2.5095e-05,3.2265e-05
0.00060306,0.00045238,0.00034395,0.00024632,0.00017449,0.0001578,0.00022523,0.00032504,0.00035784,0.00027628,0.00014816,8.4313e-05,7.8541e-05,8.2717e-05,6.1538e-05,2.5618e-05,8.9594e-06,2.5129e-05,4.1266e-05,5.099e-05,4.5084e-05,1.8968e-05,5.3367e-06,1.4097e-05,2.7725e-05,9.4649e-06,5.7426e-06,1.9838e-05,4.3193e-05,5.055e-05,3.2318e-05,3.6147e-05
0.00063027,0.00049743,0.000388,0.00028091,0.00020787,0.00018687,0.00023769,0.00033015,0.00035884,0.00025037,0.00013313,8.8479e-05,8.1957e-05,8.2906e-05,6.5764e-05,3.0741e-05,1.4476e-05,2.6435e-05,4.2065e-05,5.6599e-05,6.1996e-05,3.9889e-05,1.5403e-05,1.0259e-05,1.7637e-05,4.8394e-06,5.7183e-06,2.7503e-05,5.5751e-05,6.0888e-05,3.8551e-05,3.3023e-05
0.00068647,0.00055965,0.00043227,0.00031224,0.00024452,0.00021972,0.00024095,0.00032653,0.00036155,0.00023541,0.00013039,9.7736e-05,8.9095e-05,8.3809e-05,6.6017e-05,2.8254e-05,1.6674e-05,3.1595e-05,4.9938e-05,6.7616e-05,7.7594e-05,6.154e-05,2.4971e-05,8.4366e-06,1.5607e-05,6.1292e-06,9.5316e-06,4.4844e-05,7.7001e-05,7.1289e-05,3.7869e-05,2.405e-05
0.00075445,0.00060176,0.00044702,0.00034177,0.00030348,0.00025898,0.00023552,0.00030706,0.0003489,0.00023572,0.00015163,0.00012532,0.00010439,9.0734e-05,6.4379e-05,2.2937e-05,1.9106e-05,4.0124e-05,5.8801e-05,7.7905e-05,8.6948e-05,7.3314e-05,3.2133e-05,9.1698e-06,1.8051e-05,7.8495e-06,1.5874e-05,6.8838e-05,0.00010237,8.4263e-05,2.7427e-05,1.6709e-05
0.00079815,0.00064045,0.00048358,0.00042243,0.00040892,0.00030375,0.00022672,0.00028248,0.00032947,0.00024454,0.00018699,0.00016033,0.00012137,9.7998e-05,5.9467e-05,2.0386e-05,2.8004e-05,4.8892e-05,6.4012e-05,9.0216e-05,0.00010401,8.0787e-05,3.691e-05,1.6192e-05,2.9583e-05,1.0061e-05,2.0241e-05,8.891e-05,0.00011817,8.8583e-05,1.8307e-05,6.2421e-06
0.00080957,0.00068957,0.00054753,0.00054258,0.00051315,0.00030935,0.00020185,0.0002797,0.0003472,0.00027253,0.00021451,0.00017193,0.00012268,9.7162e-05,5.0974e-05,2.1575e-05,3.7426e-05,5.9629e-05,7.6364e-05,0.0001173,0.00014199,9.7245e-05,4.2648e-05,2.364e-05,4.6009e-05,1.8783e-05,2.1939e-05,9.3072e-05,0.00011914,8.918e-05,2.0201e-05,7.6893e-07
0.0007925,0.00069974,0.0006092,0.00071044,0.00056909,0.00024874,0.00017517,0.00030695,0.0003934,0.00029918,0.00021575,0.0001481,0.00010296,8.3196e-05,4.1159e-05,2.5991e-05,5.3176e-05,8.4609e-05,0.0001099,0.00016438,0.00020167,0.00013454,5.532e-05,2.7602e-05,6.1625e-05,3.4145e-05,2.0895e-05,7.9304e-05,0.00010923,9.1239e-05,2.5964e-05,2.2094e-06
0.00074474,0.00068495,0.00073121,0.00096269,0.00060012,0.00020084,0.00017894,0.00037063,0.00045493,0.00031083,0.00020621,0.00013053,8.1071e-05,6.1036e-05,3.2074e-05,3.5327e-05,7.5482e-05,0.0001161,0.00015647,0.00022017,0.00026698,0.00018786,7.315e-05,2.8408e-05,6.7842e-05,4.6782e-05,1.6945e-05,5.1005e-05,8.7552e-05,8.3095e-05,2.9257e-05,6.116e-06
0.00069827,0.00067916,0.00086999,0.0011233,0.00059711,0.00022257,0.00025149,0.00050469,0.00053905,0.00030123,0.0001885,0.00012302,6.6345e-05,4.1706e-05,2.7288e-05,4.5295e-05,9.2505e-05,0.00014076,0.00020345,0.00028264,0.00033212,0.00024513,9.1412e-05,2.7101e-05,5.8952e-05,5.4864e-05,1.8019e-05,2.0117e-05,5.0553e-05,6.5485e-05,2.823e-05,9.7607e-06
0.00069085,0.00069925,0.00088379,0.0009853,0.00053411,0.00029777,0.00039131,0.00065601,0.00058756,0.00027888,0.0001646,0.00011078,5.8308e-05,3.3712e-05,2.6503e-05,5.8174e-05,0.00011388,0.00016852,0.00025311,0.00035213,0.00040591,0.00031322,0.00011283,2.4804e-05,4.5783e-05,6.2895e-05,3.3484e-05,7.4451e-06,1.5732e-05,4.3023e-05,2.2119e-05,1.0717e-05
0.00072091,0.00073314,0.00082414,0.00078586,0.0004924,0.00039915,0.00052263,0.00070011,0.00055164,0.00025415,0.00014693,9.7527e-05,5.3109e-05,3.1689e-05,3.3465e-05,9.4458e-05,0.00016816,0.00021892,0.00030435,0.00039962,0.00045652,0.00036998,0.00014082,2.9341e-05,3.5763e-05,6.3998e-05,6.0263e-05,2.8507e-05,2.0597e-06,2.0319e-05,1.6148e-05,1.0448e-05
0.00074316,0.00075055,0.00078472,0.00072248,0.0005462,0.00051938,0.0005975,0.00064598,0.00047267,0.00023584,0.0001335,8.7009e-05,5.2718e-05,4.1129e-05,6.3261e-05,0.00016022,0.00024785,0.0003048,0.0003936,0.00046739,0.00050034,0.00040688,0.00016493,4.6723e-05,4.1547e-05,5.8787e-05,7.8948e-05,6.2604e-05,9.824e-06,3.2769e-06,6.4355e-06,1.4202e-05
0.00076678,0.00072777,0.00073457,0.00072406,0.0006477,0.00063283,0.00064769,0.00059523,0.00040443,0.00020962,0.00012039,8.2134e-05,6.169e-05,6.5023e-05,0.00010449,0.00021144,0.00032092,0.00043201,0.00054509,0.00058436,0.00056418,0.00042307,0.00018113,7.1012e-05,6.0479e-05,5.6802e-05,8.0986e-05,9.5796e-05,3.1326e-05,1.3964e-06,4.4822e-06,2.061e-05
0.00079796,0.0007027,0.00067329,0.00069318,0.0006826,0.0006997,0.00071043,0.0005815,0.00035527,0.00018265,0.00010959,8.3511e-05,7.1439e-05,7.8971e-05,0.00012311,0.00024413,0.00041545,0.00058277,0.00065495,0.00064469,0.00060135,0.00043165,0.00019139,8.4025e-05,6.5516e-05,5.136e-05,7.2047e-05,0.0001214,6.1843e-05,9.3571e-06,1.451e-05,3.158e-05
0.00084943,0.00071409,0.00065387,0.00065738,0.00065204,0.0006971,0.00073504,0.0005849,0.00033996,0.00017321,0.00010744,8.5614e-05,7.1317e-05,8.2008e-05,0.00014563,0.0003151,0.00054687,0.0006757,0.00063699,0.00060267,0.00060352,0.00044943,0.00020395,8.1719e-05,4.8143e-05,3.5642e-05,5.6049e-05,0.00011432,9.084e-05,3.0774e-05,2.9514e-05,4.2281e-05
0.00091413,0.00072256,0.00063995,0.00061224,0.00058656,0.0006287,0.00067466,0.00055749,0.000334,0.00016586,0.00010311,8.6528e-05,7.5856e-05,0.00010295,0.00019221,0.00038727,0.00059386,0.00065909,0.00061789,0.0006278,0.00063554,0.00045476,0.00019863,6.7969e-05,2.7499e-05,2.0238e-05,3.6641e-05,8.1028e-05,0.00010476,6.9005e-05,4.7485e-05,4.9467e-05
0.00092982,0.00069507,0.00057735,0.00052485,0.00050505,0.00053279,0.00057378,0.00050982,0.00031736,0.00014936,9.4782e-05,9.2467e-05,9.3205e-05,0.00012943,0.00022419,0.0003957,0.0005415,0.00065485,0.00074653,0.00079674,0.00069691,0.00042262,0.00017028,5.4024e-05,1.7653e-05,1.1058e-05,2.2738e-05,5.1337e-05,9.2544e-05,9.9263e-05,7.1962e-05,6.0194e-05
0.00085506,0.00062037,0.00048349,0.00042568,0.00041881,0.00044284,0.00050187,0.00047934,0.00030298,0.00013679,9.0253e-05,0.00010072,0.0001009,0.00013066,0.00023243,0.00042908,0.00061099,0.00082412,0.0010206,0.00097335,0.00071325,0.00039586,0.00014893,4.5113e-05,1.166e-05,7.7629e-06,1.8537e-05,3.2341e-05,5.6498e-05,9.4757e-05,9.8064e-05,8.697e-05
0.00065928,0.00048218,0.00038582,0.00033852,0.00032935,0.00035705,0.00042956,0.00043318,0.00028692,0.00013014,8.0311e-05,8.8854e-05,9.6352e-05,0.00013529,0.00027523,0.0005533,0.0008042,0.0010499,0.0012173,0.0010365,0.00070787,0.00039536,0.00014013,3.6609e-05,7.1982e-06,9.9338e-06,2.0131e-05,2.2575e-05,3.207e-05,7.6529e-05,0.0001203,0.00012483
0.00043875,0.00034249,0.00029894,0.00027004,0.00025534,0.00027888,0.00033973,0.00035181,0.00024593,0.00011373,6.4221e-05,6.9576e-05,9.1351e-05,0.00015312,0.00032374,0.00058708,0.00082942,0.0010886,0.0012445,0.0010349,0.00069463,0.00036671,0.00012847,3.4245e-05,5.6989e-06,1.0529e-05,2.1139e-05,1.9597e-05,2.3472e-05,6.5017e-05,0.00012602,0.00014142
0.00031214,0.00025648,0.00023503,0.00021739,0.00020747,0.00022901,0.00027807,0.0002873,0.00019242,8.8861e-05,5.7081e-05,6.2737e-05,8.9126e-05,0.00016058,0.00034666,0.00057793,0.0007763,0.0010466,0.0012002,0.00099094,0.00063879,0.00031978,0.00012362,4.2105e-05,8.2898e-06,1.0217e-05,1.9006e-05,1.5761e-05,1.9109e-05,5.8288e-05,0.00011539,0.00012075
0.00025059,0.00020667,0.00018546,0.00017463,0.00017772,0.00019015,0.00023027,0.00025056,0.00015918,7.2025e-05,6.256e-05,6.9036e-05,8.4816e-05,0.00015081,0.00035733,0.00063731,0.00082205,0.0010249,0.0010958,0.00088086,0.0005832,0.00032126,0.00014787,5.944e-05,1.2926e-05,8.8201e-06,1.5913e-05,1.465e-05,2.3772e-05,5.7921e-05,0.00010029,8.7131e-05
0.00021459,0.00017062,0.00014503,0.00014519,0.00015843,0.00015226,0.00017541,0.00020573,0.00013188,6.3608e-05,6.8334e-05,7.413e-05,8.4182e-05,0.00014624,0.00034346,0.00063669,0.00080831,0.00092588,0.00093278,0.00075141,0.00055314,0.0003568,0.00018681,7.2703e-05,1.4783e-05,6.0386e-06,1.2331e-05,1.7913e-05,3.8274e-05,6.7375e-05,8.6449e-05,5.8828e-05
0.00018434,0.00014595,0.00012568,0.00012891,0.00014044,0.00012742,0.00013911,0.00015601,9.8499e-05,6.0171e-05,6.4407e-05,7.0421e-05,9.2626e-05,0.00015783,0.00032421,0.00057593,0.00073311,0.00082297,0.00080209,0.00067282,0.00052211,0.00035596,0.00019313,7.6883e-05,1.8394e-05,5.5754e-06,1.0981e-05,2.7193e-05,5.6246e-05,7.5991e-05,6.8578e-05,4.0248e-05
0.00016084,0.00013098,0.0001178,0.00011196,0.00011798,0.00011427,0.00012602,0.00013151,8.0725e-05,6.0709e-05,6.5374e-05,6.6412e-05,9.2169e-05,0.00016306,0.00031446,0.00055594,0.00072849,0.00078853,0.00073735,0.00064184,0.00051752,0.00035037,0.00020117,9.3617e-05,2.7948e-05,7.1418e-06,1.5082e-05,4.4224e-05,7.1478e-05,7.3101e-05,5.042e-05,2.7769e-05
0.00015225,0.00012559,0.00010997,9.3617e-05,9.5792e-05,0.00010238,0.00011607,0.00011254,7.0432e-05,6.4555e-05,7.9417e-05,6.6499e-05,7.6294e-05,0.00014752,0.00030936,0.00056391,0.00073499,0.00072713,0.00063077,0.00058807,0.0005266,0.00037788,0.00022923,0.00011696,3.8312e-05,9.5605e-06,2.1158e-05,5.832e-05,8.4081e-05,7.0034e-05,4.43e-05,2.1816e-05
0.00016065,0.00012279,8.9835e-05,7.1012e-05,7.8981e-05,9.7227e-05,0.00010235,8.9187e-05,6.3039e-05,6.3142e-05,8.4638e-05,6.5314e-05,6.8097e-05,0.00013813,0.00029222,0.00052846,0.00066659,0.00061531,0.00051268,0.00050566,0.00049349,0.00037934,0.00023564,0.00012332,4.2262e-05,1.4146e-05,2.7399e-05,6.4721e-05,9.4665e-05,7.3218e-05,5.0103e-05,2.789e-05
0.00015428,9.7457e-05,5.4933e-05,4.4275e-05,6.5745e-05,9.9577e-05,9.92e-05,7.2409e-05,5.6625e-05,6.5001e-05,7.8701e-05,6.1285e-05,6.9076e-05,0.00014445,0.00028883,0.00047435,0.00060565,0.00056551,0.00047313,0.00046787,0.00046213,0.00037444,0.00024581,0.00013213,5.1756e-05,2.1812e-05,3.4428e-05,6.9251e-05,0.00010453,8.1102e-05,6.2013e-05,5.1096e-05
9.8389e-05,5.5598e-05,2.531e-05,2.79e-05,5.7984e-05,0.00010213,0.0001136,6.7209e-05,5.3182e-05,8.4801e-05,8.446e-05,5.6138e-05,5.7833e-05,0.00013012,0.00026599,0.0004209,0.00054022,0.00052126,0.00045806,0.00046642,0.00047707,0.00041283,0.00028066,0.00015288,6.4064e-05,2.8823e-05,4.1663e-05,7.3736e-05,0.00011278,0.00010943,8.8086e-05,8.7363e-05
5.0071e-05,3.177e-05,1.4593e-05,3.0029e-05,6.9088e-05,9.9579e-05,0.00010661,6.0741e-05,4.7e-05,0.00010157,9.7299e-05,5.3277e-05,4.2965e-05,9.6738e-05,0.00021791,0.00035733,0.00045336,0.00042803,0.00041395,0.00046863,0.00049926,0.00043611,0.00028609,0.00014502,5.9465e-05,3.4147e-05,4.945e-05,8.1116e-05,0.00012527,0.0001521,0.00014251,0.00013414
2.6832e-05,3.0341e-05,1.986e-05,4.1353e-05,8.592e-05,9.7395e-05,8.2295e-05,4.2376e-05,4.0637e-05,8.8248e-05,9.0161e-05,5.464e-05,4.3918e-05,8.0931e-05,0.00017692,0.00030552,0.00038485,0.00037085,0.00040755,0.00048546,0.00049963,0.00042139,0.00027436,0.00013299,6.0657e-05,4.9516e-05,6.4158e-05,9.1695e-05,0.00013778,0.00017837,0.00019873,0.00018726
0.00020504,1.4167e-05,2.6993e-05,4.1052e-05,7.7587e-05,8.8418e-05,5.6468e-05,2.3472e-05,4.5696e-05,7.9081e-05,7.03e-05,5.127e-05,4.7799e-05,7.0753e-05,0.00012756,0.0002419,0.00033617,0.0003452,0.00040082,0.00047696,0.00047842,0.00042469,0.00030304,0.0001611,8.7154e-05,7.3565e-05,8.4645e-05,0.00010188,0.00013723,0.0001818,0.00021839,0.00021849
0.00030932,7.9037e-05,2.3725e-05,5.0101e-05,5.8766e-05,5.928e-05,3.2297e-05,1.3082e-05,5.6319e-05,9.0246e-05,6.6963e-05,4.1292e-05,3.8392e-05,5.1361e-05,8.5184e-05,0.00018663,0.00027739,0.00029025,0.00033632,0.00041944,0.0004637,0.00044487,0.00033163,0.00019284,0.00011488,9.1465e-05,9.8912e-05,0.00011359,0.00013754,0.00017997,0.00022462,0.00021998
0.00067501,0.00024979,1.8187e-06,2.9044e-05,3.5109e-05,2.2846e-05,8.9546e-06,9.1473e-06,4.694e-05,8.3375e-05,6.9378e-05,3.6002e-05,3.0601e-05,4.4142e-05,7.3669e-05,0.00017172,0.00024333,0.00024336,0.00028427,0.00039283,0.00048006,0.00043774,0.0003137,0.00020173,0.00014009,0.00011036,0.00011355,0.00013104,0.00014451,0.00017437,0.00021453,0.00021288
0.0029485,0.00087014,3.6132e-05,1.0436e-05,1.3334e-05,3.6206e-06,2.3871e-07,1.0343e-05,2.9793e-05,5.3185e-05,5.8423e-05,3.4005e-05,3.0138e-05,4.4711e-05,6.6871e-05,0.00014256,0.0002096,0.0002248,0.00027013,0.00039388,0.00047165,0.00039616,0.00028415,0.00022621,0.00018626,0.00014005,0.00012741,0.00013505,0.00014073,0.00015748,0.0001771,0.00017896
0.0015661,0.0023339,0.001108,1.8418e-05,7.5792e-06,1.2319e-05,1.1185e-05,1.3957e-05,2.2986e-05,3.4958e-05,4.2147e-05,2.7724e-05,2.5476e-05,3.5496e-05,4.7061e-05,9.654e-05,0.00016679,0.00019719,0.00023528,0.00034823,0.00040353,0.00032052,0.0002476,0.00023992,0.00021834,0.00015644,0.00012318,0.00012436,0.00012957,0.00013877,0.00014726,0.0001457
0.00091847,0.0016933,0.0021863,0.0014187,0.00026505,7.7742e-05,6.2436e-06,6.3947e-06,1.4345e-05,2.8767e-05,3.3295e-05,2.1979e-05,2.1004e-05,2.888e-05,3.9579e-05,7.3871e-05,0.0001261,0.00015808,0.00020899,0.00032835,0.00036205,0.00025912,0.00019776,0.00019608,0.00018231,0.00013245,0.00010798,0.00011477,0.00012232,0.00012035,0.00011777,0.00011412
0.00014853,0.00055518,0.0011566,0.0010349,0.00098039,0.00031886,2.0573e-06,1.277e-06,8.4819e-06,2.6542e-05,3.169e-05,2.0588e-05,2.0804e-05,2.8198e-05,4.093e-05,6.9217e-05,0.00010148,0.00013524,0.00021465,0.00034565,0.00033422,0.00021676,0.00015497,0.00013897,0.00013206,0.00011513,0.0001108,0.00011559,0.00010541,8.3001e-05,6.8906e-05,6.2404e-05
8.3076e-05,2.33e-06,0.00018722,0.00052822,0.00047529,0.00022998,0.00020399,7.2315e-06,1.2336e-05,3.4352e-05,3.5535e-05,1.6627e-05,1.6217e-05,2.1417e-05,3.2586e-05,6.2321e-05,8.2849e-05,0.00010903,0.00018916,0.00027836,0.00023003,0.00014795,0.00011814,0.00010917,0.00012131,0.00014439,0.00014441,0.00012241,9.0397e-05,5.8117e-05,3.4169e-05,1.8516e-05
0.00021616,0.00025918,0.00022133,0.00019468,0.00017557,0.00010597,0.00023755,1.827e-05,3.1048e-05,5.5768e-05,3.7068e-05,8.3049e-06,9.7056e-06,1.5615e-05,2.7094e-05,6.0878e-05,7.1195e-05,7.7833e-05,0.00013225,0.00018865,0.00014564,0.00010663,8.743e-05,7.5828e-05,0.00010588,0.00017086,0.00018015,0.00014026,9.6896e-05,5.8047e-05,2.5355e-05,5.4045e-06
0.00062872,0.00092827,0.0015477,0.0002045,6.2745e-05,0.00020123,0.00011835,0.00090978,6.9803e-05,8.9407e-05,3.2217e-05,1.3188e-06,7.5135e-06,1.5796e-05,3.0475e-05,7.3206e-05,7.5572e-05,6.2774e-05,0.00010467,0.00017686,0.00014761,0.00010173,6.6892e-05,4.4334e-05,6.843e-05,0.00014846,0.00018355,0.00017787,0.00013169,7.3867e-05,3.2155e-05,1.128e-05
0.00052248,0.00017729,0.00036338,0.00036785,0.00015779,4.6952e-05,0.00026846,0.0016456,9.4463e-05,6.8212e-05,1.1894e-05,1.4191e-06,7.236e-06,1.5535e-05,2.808e-05,7.1176e-05,7.6148e-05,4.9621e-05,7.9314e-05,0.00016009,0.00013685,7.3068e-05,3.8654e-05,3.2226e-05,6.1016e-05,0.00013547,0.00018888,0.00022915,0.00019779,0.00010775,5.2679e-05,3.3579e-05
0.00011328,0.00019924,0.00021552,0.00018732,0.00011685,5.519e-05,0.00093315,0.001686,5.7215e-05,1.3922e-05,6.1425e-06,8.9136e-06,7.171e-06,1.2504e-05,2.2644e-05,5.3055e-05,5.4252e-05,3.511e-05,5.326e-05,0.00012019,9.937e-05,4.2003e-05,1.9892e-05,2.9278e-05,7.2693e-05,0.0001345,0.00019225,0.00027634,0.00027953,0.0001641,8.8392e-05,5.7931e-05
0.00012218,0.0001699,0.00014609,0.00011156,6.5349e-05,2.5959e-05,0.00097403,0.0012747,2.208e-05,1.0978e-06,1.4607e-05,9.9339e-06,5.0025e-06,1.2828e-05,2.5929e-05,4.5548e-05,4.2673e-05,3.325e-05,4.9309e-05,0.00012009,0.00012005,5.9052e-05,2.2845e-05,2.5492e-05,5.8436e-05,0.00011398,0.00019668,0.00031348,0.00034253,0.00024483,0.00015384,9.4387e-05
0.00011788,0.00016993,0.00016731,0.00014553,7.9217e-05,0.00074088,0.0011984,0.0016844,0.00023458,4.255e-06,1.6929e-05,8.5772e-06,5.0254e-06,1.4683e-05,2.553e-05,3.946e-05,4.0091e-05,3.2429e-05,5.2852e-05,0.00014377,0.00018603,8.9921e-05,1.7949e-05,1.0772e-05,3.7621e-05,9.9257e-05,0.00019455,0.00030425,0.00034777,0.00032629,0.00026912,0.00016255
0.00014266,0.00019757,0.00020305,0.00019577,0.0001347,0.0022547,6.8317e-05,8.905e-05,0.00029044,4.9439e-06,1.9078e-05,1.758e-05,1.1191e-05,1.2216e-05,1.3264e-05,2.4203e-05,2.735e-05,2.1926e-05,4.1212e-05,0.00013386,0.00018847,6.8184e-05,9.7456e-06,9.0463e-06,4.2039e-05,0.00010832,0.00019445,0.00027604,0.00033339,0.00039262,0.00040634,0.00028286
0.00014704,0.00016694,0.00017741,0.00020576,0.00018774,0.0001472,0.00013284,7.9348e-05,0.00029175,8.1583e-05,2.1026e-05,3.4694e-05,2.0562e-05,7.1281e-06,3.9311e-06,1.1618e-05,2.1898e-05,2.5928e-05,5.5257e-05,0.00016934,0.00020144,6.1595e-05,9.218e-06,6.5812e-06,1.8448e-05,7.3025e-05,0.00016481,0.00026557,0.00034963,0.0004382,0.00046891,0.00038976
9.2312e-05,8.8989e-05,0.00010718,0.00017192,0.00016897,0.00012336,8.2107e-05,2.3399e-05,1.2675e-05,0.00042453,0.00045918,2.9146e-05,1.4267e-05,1.2303e-06,1.2124e-06,7.8829e-06,3.1178e-05,5.8718e-05,0.00010055,0.00025605,0.00035827,0.00016709,3.0198e-05,6.5655e-06,6.5086e-06,2.4659e-05,0.00011533,0.00026924,0.00041727,0.00048064,0.00044105,0.00040399
0.00040852,0.0015555,7.2683e-05,0.00013606,0.0001177,6.177e-05,2.6623e-05,3.0524e-06,3.058e-06,2.6119e-05,3.0323e-05,0.00014005,1.7511e-06,2.9288e-06,1.4703e-05,2.2087e-05,3.159e-05,2.7051e-05,2.1875e-05,7.4542e-05,0.00021821,0.00021082,8.1169e-05,2.3677e-05,1.5902e-05,2.1542e-05,4.7103e-05,0.00013366,0.00034105,0.00049652,0.00042365,0.00040533
0.00011779,0.002177,0.00087667,0.00013824,0.00011232,5.9279e-05,2.408e-05,5.9448e-06,1.1028e-05,2.8144e-05,1.0065e-05,3.2921e-05,1.5879e-06,8.5081e-06,1.6976e-05,1.4312e-05,9.4939e-06,5.8761e-06,0.00014076,5.9273e-06,2.1333e-06,2.9948e-06,8.4881e-06,1.699e-05,2.3934e-05,3.6369e-05,3.8191e-05,1.9839e-05,0.00012908,0.00039341,0.00040822,0.00037283
0.00028483,0.00018284,0.0001543,0.0001795,0.00016018,0.00010638,4.0902e-05,3.4296e-06,2.3241e-07,3.9912e-06,5.5434e-07,5.5807e-07,1.8512e-06,3.5464e-06,3.355e-07,0.00081285,0.0019173,0.0045316,0.004533,0.00063735,0.00028959,3.0548e-05,6.4381e-05,7.8338e-05,0.00014569,0.00012628,8.7648e-05,4.2881e-05,1.251e-05,0.00014808,0.00021124,0.00017634
0.0002922,0.000174,0.0001347,0.00016767,0.00019467,0.00015263,5.1417e-05,5.0938e-06,3.5154e-05,1.0258e-05,1.9914e-06,5.5568e-06,1.9791e-06,6.3753e-05,0.00047542,0.0019574,0.0029625,0.0025452,0.0023706,0.0026982,0.0017204,0.00038203,1.7778e-05,6.6644e-05,0.00022173,0.0002516,0.00010141,8.8701e-05,4.2396e-05,2.4735e-06,4.8122e-06,1.4472e-05
0.00019263,0.00010149,7.4758e-05,0.00011005,0.00017461,0.00017338,6.4131e-05,1.7697e-05,0.00011416,2.0784e-05,0.00016091,2.3373e-05,7.097e-05,0.00024976,0.00047822,0.00036253,0.00010853,3.5547e-05,5.334e-05,0.00039897,0.00063764,0.00074308,0.00025252,0.00010578,6.2669e-05,0.00023777,0.00018442,0.0001782,0.00027759,0.00029771,0.00036152,0.00031799
0.00015213,9.3152e-05,6.6009e-05,7.3183e-05,0.0001341,0.00017652,8.0379e-05,1.9018e-05,0.00012973,6.0823e-06,0.00041191,0.00019996,0.000543,0.00053135,0.00025949,5.1082e-05,3.3598e-05,1.6615e-05,1.6509e-05,0.00027412,0.00030994,8.9154e-05,9.4429e-05,4.3825e-05,0.00011255,0.00011013,0.00024979,0.00037699,0.00034538,0.00025693,0.00023844,0.00020574
0.00015982,0.00012551,7.0843e-05,5.3255e-05,8.0969e-05,0.00013016,7.7379e-05,1.4605e-05,0.00010297,3.3244e-06,0.00053601,0.00042016,0.00051817,0.00032875,9.999e-05,7.5495e-05,0.00012506,0.00016034,8.6801e-05,2.4663e-05,0.0001684,0.00031333,0.00069548,8.2028e-05,8.2868e-05,4.0039e-05,6.3503e-05,8.7409e-05,5.2164e-05,2.9357e-05,4.798e-05,0.0028192
0.0001537,0.00014339,7.8578e-05,5.1542e-05,4.7656e-05,6.1173e-05,5.2573e-05,1.4803e-05,4.2307e-05,4.779e-06,0.00059151,0.00018591,0.00023999,0.00011877,3.918e-05,6.4291e-05,0.00011301,8.6463e-05,8.2008e-05,2.8019e-05,6.0326e-06,0.00018539,0.0010791,0.00016616,5.1226e-05,3.8185e-05,2.2552e-05,2.7304e-06,0.00011362,0.00037308,0.0027859,0.005609
0.00013432,0.00014699,9.284e-05,6.3605e-05,3.4888e-05,2.4287e-05,3.5442e-05,2.164e-05,1.5818e-06,3.9848e-06,0.00090329,7.891e-05,2.171e-05,1.334e-05,4.9029e-06,5.5152e-05,5.3831e-05,1.1252e-05,1.4295e-05,4.7361e-05,5.9273e-05,2.43e-06,0.00042168,0.00040978,2.7167e-05,8.249e-06,0.00012942,0.0001161,0.00021744,0.00060352,0.0012431,0.0021117
0.00012624,0.00015092,0.00010391,7.5144e-05,3.3222e-05,1.1589e-05,2.6866e-05,3.6618e-05,8.1619e-06,6.9025e-06,1.1367e-05,0.00039935,8.7839e-05,8.1265e-06,2.7869e-06,4.9111e-05,9.0866e-05,5.5162e-05,1.8632e-05,3.3027e-05,0.00016052,0.00015174,3.0024e-05,0.00036229,0.00096171,0.00035167,0.00018871,0.00021006,0.00017626,0.00010899,0.00010974,0.00020434
0.00012126,0.00013705,9.4765e-05,7.3791e-05,3.6091e-05,9.2406e-06,2.6228e-05,5.288e-05,1.5189e-05,3.6927e-06,0.00056247,0.00080413,0.00050507,5.5738e-05,9.5814e-06,7.6812e-05,9.8021e-05,8.6434e-05,6.3467e-05,5.2363e-05,0.00016105,0.00029797,0.00030704,0.00051827,0.001607,0.0027017,0.0023167,0.0011938,0.00063909,0.00072738,0.00101,0.00075532
0.00010722,0.00010941,7.9113e-05,6.887e-05,4.3137e-05,1.71e-05,3.4303e-05,4.9511e-05,1.0895e-05,3.8769e-06,1.1887e-05,0.00080789,0.00026339,4.2836e-05,0.00052116,0.00041101,0.00010617,3.571e-05,6.0174e-05,8.4884e-05,0.00015604,0.00034807,0.00058456,0.0011725,0.002907,0.0053378,0.0073578,0.0049848,0.0027779,0.0019419,0.0017529,0.0018498
8.875e-05,7.966e-05,6.7877e-05,6.9014e-05,5.6415e-05,3.256e-05,3.7942e-05,3.1819e-05,9.658e-06,1.8657e-05,3.2523e-05,9.4457e-06,0.00012905,0.00031516,0.0015968,0.0013864,0.00024402,6.9046e-05,8.6809e-05,0.00012794,0.00020934,0.0004746,0.00088273,0.0011548,0.0020589,0.0035965,0.0076808,0.0072803,0.0035824,0.001497,0.001568,0.0022355
